1.000000000000000056e-01 0.000000000000000000e+00
2.000000000000000111e-01 0.000000000000000000e+00
3.000000000000000444e-01 0.000000000000000000e+00
4.000000000000000222e-01 0.000000000000000000e+00
5.000000000000000000e-01 0.000000000000000000e+00
5.999999999999999778e-01 0.000000000000000000e+00
6.999999999999999556e-01 0.000000000000000000e+00
7.999999999999999334e-01 0.000000000000000000e+00
8.999999999999999112e-01 0.000000000000000000e+00
1.000000000000000000e+00 0.000000000000000000e+00
1.496249999999999858e+00 1.041721118265135146e+02
2.112055664062500782e+00 2.758491037488922188e+02
2.470264523291587633e+00 4.606099328632855645e+02
2.701798512407484587e+00 5.711444354473686644e+02
2.903265353191006426e+00 6.318248637218018757e+02
3.095873697890737297e+00 6.660980809537300047e+02
3.287898788192227695e+00 6.952880509481127547e+02
3.481058458972403624e+00 7.175176681588945939e+02
3.719180514565484152e+00 7.298109205054606718e+02
3.953459860363686129e+00 7.502415860844471354e+02
4.163352268924636057e+00 7.386502920248716464e+02
4.429222381816358300e+00 7.446684739982395058e+02
4.673248504608989329e+00 7.368831707923822023e+02
4.889628103255265756e+00 7.327224673132894850e+02
5.114183040173331918e+00 7.292398278228265553e+02
5.353941195752420334e+00 7.282932000208934369e+02
5.638799782932837346e+00 7.040609707983837779e+02
5.842694208164950886e+00 6.937754525125541250e+02
6.045247335493332486e+00 6.895384946634616199e+02
6.299381276994894918e+00 6.812058218212616794e+02
6.500000000000000000e+00 6.579800508913890553e+02
6.737500000000000711e+00 5.985309983413900454e+02
7.077696044921877316e+00 5.578193561905447950e+02
7.412603779602052079e+00 5.782965494832192235e+02
7.722630943468690390e+00 5.748014296093606390e+02
8.088772883732305630e+00 6.118606487611364173e+02
8.467540408142935959e+00 6.235395041086092078e+02
8.821688043466876294e+00 6.195844455885312527e+02
9.206448528258860620e+00 6.563517158715904998e+02
9.520934075596706236e+00 6.495343142413508986e+02
9.828605157290070338e+00 6.872136518768537599e+02
1.022711859492384434e+01 6.362212593054853187e+02
1.056585501691255402e+01 7.178752939965636415e+02
1.090350175372024211e+01 6.597256656015725866e+02
1.128650663618829064e+01 7.120915862397553155e+02
1.164025420124558430e+01 6.652404747029321470e+02
1.200423974946217243e+01 6.943043946489644895e+02
1.241323959221491435e+01 7.591504593023616962e+02
1.275066446248592555e+01 7.527953621481420896e+02
1.310576579471091030e+01 7.619269204543840033e+02
1.346478178265740411e+01 7.459458314909614955e+02
1.376858595968384691e+01 7.866727054020315109e+02
1.408785707766881679e+01 7.541407080533421095e+02
1.439992009188157240e+01 8.057069727186632235e+02
1.472911628996964417e+01 7.572375496507122534e+02
1.507018836193175382e+01 8.132846412813659072e+02
1.542586322020840939e+01 7.454883199214938259e+02
1.580273381858584969e+01 8.018249060077841932e+02
1.612268125366670191e+01 7.355140707295407765e+02
1.646268252595715964e+01 7.896020303583911755e+02
1.680514951781322708e+01 7.422532918218005307e+02
1.707580004052470457e+01 8.203995263964775404e+02
1.743153004168258136e+01 7.337672765148620329e+02
1.784973222011201344e+01 7.682857631394398368e+02
1.818481671557860224e+01 8.302231160567945381e+02
1.855154653721489666e+01 7.975732268352053325e+02
1.893739685649738647e+01 8.054886159486188717e+02
1.932965289397109743e+01 7.491602888256596771e+02
1.978747334116664902e+01 7.436940053215668058e+02
2.024529378836220062e+01 8.096036784075906780e+02
2.057468129323041950e+01 7.693783137453572181e+02
2.100258508551267767e+01 8.000438952150026353e+02
2.137755090863405627e+01 8.100690304933415291e+02
2.176284221388965179e+01 8.170756739965286215e+02
2.217449014616253677e+01 8.159054117042022654e+02
2.258425906750862566e+01 7.671217632905814980e+02
2.295046390773966394e+01 8.033665381568674775e+02
2.333178395859078336e+01 7.984862463531574122e+02
2.370909239078632424e+01 8.168049058699376701e+02
2.416683552120827017e+01 7.726922840170298059e+02
2.462457865163021609e+01 7.215179628362553785e+02
2.499077315596777638e+01 7.570729933985192019e+02
2.542044375846932525e+01 7.020448886774912580e+02
2.585494212054955199e+01 6.874075532173965257e+02
2.620715735531083368e+01 6.605948398369569077e+02
2.659034290349971030e+01 6.035179410187346321e+02
2.696656486890738691e+01 6.089029240079927376e+02
2.735229576129910356e+01 5.777224474078202547e+02
2.767206769882497852e+01 5.914900523739395339e+02
2.795403911777945538e+01 5.589509771226097428e+02
2.824794748132731570e+01 5.135814690898557728e+02
2.855340096437787878e+01 5.208476775454618064e+02
2.881314553197974249e+01 5.159528301855717700e+02
2.900000000000000000e+01 5.434571096625137443e+02
