2.500000000000130740e+01 1.000000000000000056e-01
2.500000000000156319e+01 2.000000000000000111e-01
2.500000000000138556e+01 3.000000000000000444e-01
2.500000000000152056e+01 4.000000000000000222e-01
2.500000000000141398e+01 5.000000000000000000e-01
2.500000000000149925e+01 5.999999999999999778e-01
2.500000000000142819e+01 6.999999999999999556e-01
2.500000000000148503e+01 7.999999999999999334e-01
2.500000000000143885e+01 8.999999999999999112e-01
2.500000000000147793e+01 1.000000000000000000e+00
9.682120962745960924e+01 1.496249999999999858e+00
2.681723899409019509e+02 2.112055664062500782e+00
4.380010245496857237e+02 2.470264523291587633e+00
5.197910174389929807e+02 2.701798512407484587e+00
5.629902907429896004e+02 2.903265353191006426e+00
6.001401235003258989e+02 3.095873697890737297e+00
6.364488515573987115e+02 3.287898788192227695e+00
6.825560679997794296e+02 3.481058458972403624e+00
7.379519234343312064e+02 3.719180514565484152e+00
7.918672581210220187e+02 3.953459860363686129e+00
8.361173115388581891e+02 4.163352268924636057e+00
8.808090871823137604e+02 4.429222381816358300e+00
9.086908265693394924e+02 4.673248504608989329e+00
9.284372377757358663e+02 4.889628103255265756e+00
9.424728740406835641e+02 5.114183040173331918e+00
9.587633166323641944e+02 5.353941195752420334e+00
9.743866917627442490e+02 5.638799782932837346e+00
9.873350900074449328e+02 5.842694208164950886e+00
9.951194018876833525e+02 6.045247335493332486e+00
1.004498867351748459e+03 6.299381276994894918e+00
1.013031638843957694e+03 6.500000000000000000e+00
9.736568545098971299e+02 6.737500000000000711e+00
9.946121277563704552e+02 7.077696044921877316e+00
1.002704563260649365e+03 7.412603779602052079e+00
1.030487166457531430e+03 7.722630943468690390e+00
1.037641190845428355e+03 8.088772883732305630e+00
1.072496244270015495e+03 8.467540408142935959e+00
1.059178190865435454e+03 8.821688043466876294e+00
1.086702949566373491e+03 9.206448528258860620e+00
1.052946981827361014e+03 9.520934075596706236e+00
1.080882944944953124e+03 9.828605157290070338e+00
1.051828033707653503e+03 1.022711859492384434e+01
1.076401893629901451e+03 1.056585501691255402e+01
1.051112629160677898e+03 1.090350175372024211e+01
1.073968412594620077e+03 1.128650663618829064e+01
1.082368727962155617e+03 1.164025420124558430e+01
1.102965730231569978e+03 1.200423974946217243e+01
1.115216257058883230e+03 1.241323959221491435e+01
1.104158331846633473e+03 1.275066446248592555e+01
1.129416833733650947e+03 1.310576579471091030e+01
1.113214878178317122e+03 1.346478178265740411e+01
1.143509831847736223e+03 1.376858595968384691e+01
1.126536482220174548e+03 1.408785707766881679e+01
1.163461871395873686e+03 1.439992009188157240e+01
1.145845421881288075e+03 1.472911628996964417e+01
1.186552190631066651e+03 1.507018836193175382e+01
1.176242361042817720e+03 1.542586322020840939e+01
1.213341756604779448e+03 1.580273381858584969e+01
1.205776704670372737e+03 1.612268125366670191e+01
1.237053214079980307e+03 1.646268252595715964e+01
1.228976016036668170e+03 1.680514951781322708e+01
1.256512295554438197e+03 1.707580004052470457e+01
1.237623303225388099e+03 1.743153004168258136e+01
1.270151602780072608e+03 1.784973222011201344e+01
1.265213422504886694e+03 1.818481671557860224e+01
1.277082049068301785e+03 1.855154653721489666e+01
1.282045296068403559e+03 1.893739685649738647e+01
1.248934053040626168e+03 1.932965289397109743e+01
1.279670792119647331e+03 1.978747334116664902e+01
1.277402061967788086e+03 2.024529378836220062e+01
1.257848706562055440e+03 2.057468129323041950e+01
1.271071205622474963e+03 2.100258508551267767e+01
1.269184118433834556e+03 2.137755090863405627e+01
1.264020697615602558e+03 2.176284221388965179e+01
1.260740936216094497e+03 2.217449014616253677e+01
1.275855374734437419e+03 2.258425906750862566e+01
1.258740226156196741e+03 2.295046390773966394e+01
1.268540489202250001e+03 2.333178395859078336e+01
1.264595722333110416e+03 2.370909239078632424e+01
1.248430840407794676e+03 2.416683552120827017e+01
1.253213384498007144e+03 2.462457865163021609e+01
1.244078668666601970e+03 2.499077315596777638e+01
1.231233917355860285e+03 2.542044375846932525e+01
1.234414164485364836e+03 2.585494212054955199e+01
1.209894985798520565e+03 2.620715735531083368e+01
1.207581852117378048e+03 2.659034290349971030e+01
1.191531712137145860e+03 2.696656486890738691e+01
1.179380309426562917e+03 2.735229576129910356e+01
1.164690685505061992e+03 2.767206769882497852e+01
1.157615968474053034e+03 2.795403911777945538e+01
1.133859046953669122e+03 2.824794748132731570e+01
1.129595447112467355e+03 2.855340096437787878e+01
1.102296864646843233e+03 2.881314553197974249e+01
1.100919244325889395e+03 2.900000000000000000e+01
