1.000000000000000056e-01 4.846313681809988339e-04
2.000000000000000111e-01 3.579657911814138060e-04
3.000000000000000444e-01 3.359365528012858704e-04
4.000000000000000222e-01 3.304288600247673457e-04
5.000000000000000000e-01 3.304283447960187914e-04
5.999999999999999778e-01 3.304278268387861317e-04
6.999999999999999556e-01 3.304273066078167176e-04
7.999999999999999334e-01 3.304267854673526017e-04
8.999999999999999112e-01 3.304262627352727577e-04
1.000000000000000000e+00 3.221649660645198310e-04
1.496249999999999858e+00 3.111767232439888176e-04
2.112055664062500782e+00 2.431281826408286835e-03
2.470264523291587633e+00 5.598633587758283792e-01
2.701798512407484587e+00 8.163852515888150307e-01
2.903265353191006426e+00 1.068472534142707264e+00
3.095873697890737297e+00 1.215614790314854865e+00
3.287898788192227695e+00 1.352293773108127706e+00
3.481058458972403624e+00 1.450749196166576604e+00
3.719180514565484152e+00 1.582249058848407941e+00
3.953459860363686129e+00 1.564076696336959671e+00
4.163352268924636057e+00 1.634502263280336543e+00
4.429222381816358300e+00 1.569929507522495937e+00
4.673248504608989329e+00 1.513883049803202541e+00
4.889628103255265756e+00 1.504860400083735783e+00
5.114183040173331918e+00 1.330987589726231102e+00
5.353941195752420334e+00 1.486084587031732962e+00
5.638799782932837346e+00 1.302997240821230029e+00
5.842694208164950886e+00 1.368645579845065852e+00
6.045247335493332486e+00 1.303242634521189602e+00
6.299381276994894918e+00 1.003416514068949272e+00
6.500000000000000000e+00 1.203168131591803025e+00
6.737500000000000711e+00 1.063610258996872338e+00
7.077696044921877316e+00 1.079076252159408833e+00
7.412603779602052079e+00 1.491658095519487359e+00
7.722630943468690390e+00 1.803438443460360308e+00
8.088772883732305630e+00 2.001601815421869990e+00
8.467540408142935959e+00 3.577811130315250221e+00
8.821688043466876294e+00 2.384349845458396455e+00
9.206448528258860620e+00 2.703289257501787723e+00
9.520934075596706236e+00 3.759302481851397815e+00
9.828605157290070338e+00 3.129785644389655008e+00
1.022711859492384434e+01 2.880398096691338949e+00
1.056585501691255402e+01 3.312822486422469570e+00
1.090350175372024211e+01 3.591427251447516067e+00
1.128650663618829064e+01 3.747234372942837677e+00
1.164025420124558430e+01 3.718805959467271105e+00
1.200423974946217243e+01 4.397128151597716972e+00
1.241323959221491435e+01 3.590357307280923838e+00
1.275066446248592555e+01 5.005401947055467815e+00
1.310576579471091030e+01 4.416472790532622206e+00
1.346478178265740411e+01 4.400027858515932699e+00
1.376858595968384691e+01 5.354663796476769377e+00
1.408785707766881679e+01 3.132859264436290925e+00
1.439992009188157240e+01 5.223651306431135843e+00
1.472911628996964417e+01 3.608923879918870092e+00
1.507018836193175382e+01 7.010456910990051860e+00
1.542586322020840939e+01 5.449353074408914033e+00
1.580273381858584969e+01 5.557191366060238558e+00
1.612268125366670191e+01 6.311102749355747221e+00
1.646268252595715964e+01 3.923372983424435301e+00
1.680514951781322708e+01 6.662561506310069603e+00
1.707580004052470457e+01 6.634374793593575959e+00
1.743153004168258136e+01 7.313417602006167861e+00
1.784973222011201344e+01 6.501074886413598541e+00
1.818481671557860224e+01 1.023240414010348154e+01
1.855154653721489666e+01 5.774670541214731223e+00
1.893739685649738647e+01 4.659223325051706333e+00
1.932965289397109743e+01 5.656659600722737657e+00
1.978747334116664902e+01 6.096113425901270588e+00
2.024529378836220062e+01 5.627521842570952337e+00
2.057468129323041950e+01 8.321204718305203585e+00
2.100258508551267767e+01 7.118785167112554824e+00
2.137755090863405627e+01 9.252477182483215046e+00
2.176284221388965179e+01 5.523905552345933501e+00
2.217449014616253677e+01 5.724527960610551247e+00
2.258425906750862566e+01 4.319661912602030363e+00
2.295046390773966394e+01 5.205044642821018641e+00
2.333178395859078336e+01 4.922003048014672366e+00
2.370909239078632424e+01 5.059076625636626190e+00
2.416683552120827017e+01 4.250393980223696744e+00
2.462457865163021609e+01 3.736629539536074240e+00
2.499077315596777638e+01 3.004020007921063939e+00
2.542044375846932525e+01 2.861463339317681154e+00
2.585494212054955199e+01 2.674343750914773388e+00
2.620715735531083368e+01 1.771175184129088587e+00
2.659034290349971030e+01 2.442613379151933994e+00
2.696656486890738691e+01 1.907544845072859818e+00
2.735229576129910356e+01 1.980532050901625540e+00
2.767206769882497852e+01 1.625590527560846432e+00
2.795403911777945538e+01 1.588847150502133321e+00
2.824794748132731570e+01 1.396560577320435037e+00
2.855340096437787878e+01 1.710948295011318843e+00
2.881314553197974249e+01 1.444744457475080068e+00
2.900000000000000000e+01 1.483922369447096878e+00
