1.000000000000000056e-01 2.500000000000000355e+01 2.500000000000000355e+01 2.500000000000000711e+01 2.500000000000000355e+01 2.500000000000000711e+01 2.500000000000001421e+01
2.000000000000000111e-01 2.500000000000000711e+01 2.500000000000000711e+01 2.500000000000000711e+01 2.500000000000000711e+01 2.500000000000000355e+01 2.500000000000001066e+01
3.000000000000000444e-01 2.500000000000000711e+01 2.500000000000000711e+01 2.500000000000000711e+01 2.500000000000000711e+01 2.500000000000000711e+01 2.500000000000000711e+01
4.000000000000000222e-01 2.500000000000000711e+01 2.500000000000000711e+01 2.500000000000000711e+01 2.500000000000000711e+01 2.500000000000000711e+01 2.500000000000000711e+01
5.000000000000000000e-01 2.500000000000000711e+01 2.500000000000000711e+01 2.500000000000000711e+01 2.500000000000001066e+01 2.500000000000001066e+01 2.500000000000000711e+01
5.999999999999999778e-01 2.500000000000000711e+01 2.500000000000000711e+01 2.500000000000000711e+01 2.500000000000000711e+01 2.500000000000000711e+01 2.500000000000000711e+01
6.999999999999999556e-01 2.500000000000000711e+01 2.500000000000000711e+01 2.500000000000000711e+01 2.500000000000000711e+01 2.500000000000000711e+01 2.500000000000000711e+01
7.999999999999999334e-01 2.500000000000000711e+01 2.500000000000000711e+01 2.500000000000000711e+01 2.500000000000000711e+01 2.500000000000000711e+01 2.500000000000000711e+01
8.999999999999999112e-01 2.500000000000000711e+01 2.500000000000000711e+01 2.500000000000000711e+01 2.500000000000000711e+01 2.500000000000000711e+01 2.500000000000000711e+01
1.000000000000000000e+00 2.500000000000000711e+01 2.500000000000000711e+01 2.500000000000000711e+01 2.500000000000000711e+01 2.500000000000000355e+01 2.500000000000000711e+01
1.496249999999999858e+00 2.500010806492299054e+01 2.500000588846108940e+01 2.500000054865417098e+01 2.500000000140570577e+01 2.500000000019788615e+01 2.500000000004227019e+01
2.112055664062500782e+00 2.500015899418498577e+01 2.500000023145816286e+01 2.500000059817435272e+01 2.500000000610030426e+01 2.500000000008317258e+01 2.500000000000203570e+01
2.470264523291587633e+00 2.500032951823486727e+01 2.500003756875883454e+01 2.500000012344984768e+01 2.500000000067813488e+01 2.500000000067813488e+01 2.500000000000788347e+01
2.701798512407484587e+00 2.501426730106012641e+01 2.500001458638692853e+01 2.500000062755926322e+01 2.500000002243858077e+01 2.500000000024232705e+01 2.500000000000618527e+01
2.903265353191006426e+00 2.504472853013600897e+01 2.500001166042617484e+01 2.500000508050998604e+01 2.500000001890294854e+01 2.500000000000009592e+01 2.500000000008952128e+01
3.095873697890737297e+00 2.509678188425888123e+01 2.500000000110220455e+01 2.500000724131501428e+01 2.500000001101477665e+01 2.500000000205785256e+01 2.500000000003251088e+01
3.287898788192227695e+00 2.517514216554176087e+01 2.500000000161124447e+01 2.500000318423392542e+01 2.500000000506185316e+01 2.500000000506185316e+01 2.500000000002542322e+01
3.481058458972403624e+00 2.529505307012069792e+01 2.500019529546696262e+01 2.500000202168112651e+01 2.500000002693930412e+01 2.500000000276646617e+01 2.500000000005919532e+01
3.719180514565484152e+00 2.552659512969671951e+01 2.500209039101695296e+01 2.500000105378926918e+01 2.500000040530675349e+01 2.500000000024235902e+01 2.500000000075741013e+01
3.953459860363686129e+00 2.588463081362978713e+01 2.500643434844754154e+01 2.500000000021856650e+01 2.500000055583594261e+01 2.500000000000005684e+01 2.500000000035454306e+01
4.163352268924636057e+00 2.636072229877702000e+01 2.501354292085825293e+01 2.500008364980781650e+01 2.500000025019260264e+01 2.500000003212532462e+01 2.500000000022184921e+01
4.429222381816358300e+00 2.722484246800623353e+01 2.502967280171316489e+01 2.500064656099654314e+01 2.500000010615898205e+01 2.500000010615898205e+01 2.500000000006643219e+01
4.673248504608989329e+00 2.833323341920187488e+01 2.505631486337161107e+01 2.500186488859811718e+01 2.500000006369990047e+01 2.500000006369990047e+01 2.500000000363450070e+01
4.889628103255265756e+00 2.963596183156778352e+01 2.509443780226319021e+01 2.500390424128915967e+01 2.500000000001446665e+01 2.500000004676216392e+01 2.500000001571045161e+01
5.114183040173331918e+00 3.120199009358402975e+01 2.515433891377891129e+01 2.500760215818207399e+01 2.500000652618718178e+01 2.500000000000226663e+01 2.500000002418974887e+01
5.353941195752420334e+00 3.321729382289961308e+01 2.525031864961103878e+01 2.501444823542350804e+01 2.500005166095891340e+01 2.500000000000272138e+01 2.500000001060327293e+01
5.638799782932837346e+00 3.609744974495300340e+01 2.541892235345552109e+01 2.502859216221747474e+01 2.500019188807379322e+01 2.500000000000392575e+01 2.500000000475707651e+01
5.842694208164950886e+00 3.845526618911074479e+01 2.558299555276623138e+01 2.504465995666230427e+01 2.500040088747805456e+01 2.500000360897871232e+01 2.500000000379533560e+01
6.045247335493332486e+00 4.090116190941660079e+01 2.578828199662168075e+01 2.506728072696950704e+01 2.500076028656159366e+01 2.500001434167840841e+01 2.500000000000173372e+01
6.299381276994894918e+00 4.444491833209190901e+01 2.611506485232405694e+01 2.510750948936074067e+01 2.500155852628067166e+01 2.500004558334871874e+01 2.500000000000181899e+01
6.500000000000000000e+00 4.753914203971351782e+01 2.643154050393454213e+01 2.515092791940361749e+01 2.500260888813143367e+01 2.500009518446557166e+01 2.500000081227946680e+01
6.737500000000000711e+00 5.153534145876281514e+01 2.688166526234513043e+01 2.521844352416583135e+01 2.500456743514033064e+01 2.500020351862560730e+01 2.500000399763206005e+01
7.077696044921877316e+00 5.795564433042090258e+01 2.767880509994467531e+01 2.535194264622028015e+01 2.500938387809054930e+01 2.500052611497369526e+01 2.500001710993592141e+01
7.412603779602052079e+00 6.450180045587700306e+01 2.864927030740275526e+01 2.553442720787981202e+01 2.501758309481547471e+01 2.500118934374393831e+01 2.500005214243711293e+01
7.722630943468690390e+00 7.123611113031934394e+01 2.972811886015616878e+01 2.575720830211850298e+01 2.502957985355043746e+01 2.500232676800327170e+01 2.500012570142182255e+01
8.088772883732305630e+00 8.079106476373365808e+01 3.123987003022033448e+01 2.609763729665558074e+01 2.505128268503173672e+01 2.500471358386194964e+01 2.500031167821977363e+01
8.467540408142935959e+00 9.506877554510762707e+01 3.301904050384590761e+01 2.655703761521852968e+01 2.508521452979440980e+01 2.500900672617031262e+01 2.500071029851555338e+01
8.821688043466876294e+00 1.160606058936592291e+02 3.495615868967008311e+01 2.709823199175743369e+01 2.513054081225190117e+01 2.501548243633519064e+01 2.500140677885426399e+01
9.206448528258860620e+00 1.661607564598924682e+02 3.742414109361590846e+01 2.780889633528460081e+01 2.519848130844941636e+01 2.502627883346081461e+01 2.500273252182263306e+01
9.520934075596706236e+00 2.839177221055771270e+02 4.041069979512732147e+01 2.852589671525723958e+01 2.527132178319186906e+01 2.503892436199836879e+01 2.500446428357562212e+01
9.828605157290070338e+00 5.379854942527957746e+02 4.493253396488830020e+01 2.937423357426429504e+01 2.536315579266303288e+01 2.505553159690602527e+01 2.500694117847807973e+01
1.022711859492384434e+01 8.136720947112310114e+02 5.240595891263853900e+01 3.059187065349766499e+01 2.552936181969583984e+01 2.508478423488240949e+01 2.501169921378125238e+01
1.056585501691255402e+01 8.740958249129345177e+02 6.828022497141665781e+01 3.202495355868313709e+01 2.571759568217647995e+01 2.511799187722236937e+01 2.501755196444358020e+01
1.090350175372024211e+01 8.989468992957997671e+02 9.871181045138571619e+01 3.466942288598651345e+01 2.596498126563000852e+01 2.516382064467712354e+01 2.502554625346699169e+01
1.128650663618829064e+01 9.032762813810162470e+02 1.854994885238654660e+02 4.046052138713566393e+01 2.630954796465926293e+01 2.524455144099064086e+01 2.503793355900352324e+01
1.164025420124558430e+01 9.147770407200315503e+02 3.778068167009960803e+02 5.087261108015402300e+01 2.672154792399084045e+01 2.535345433787295377e+01 2.505367588157080760e+01
1.200423974946217243e+01 9.349798851226712486e+02 7.196915011519340624e+02 7.195608914981778526e+01 2.736391393172196373e+01 2.550996457893926106e+01 2.507813276736158770e+01
1.241323959221491435e+01 9.811445231687632713e+02 8.758518340157205557e+02 1.315557074687294232e+02 2.846673217350272367e+01 2.573484953802042696e+01 2.512781694825036993e+01
1.275066446248592555e+01 9.889272536001841445e+02 8.612523438278532240e+02 2.816388663080775245e+02 3.031863342497868885e+01 2.598729622768213687e+01 2.519074461677589838e+01
1.310576579471091030e+01 9.873901007878552036e+02 8.847002479848353005e+02 6.165636711817802507e+02 3.505876724179460524e+01 2.640435658139318420e+01 2.528762352630635490e+01
1.346478178265740411e+01 9.973272553518122550e+02 9.106269719899455595e+02 8.452334938193694143e+02 4.214122229332382830e+01 2.692168154646292422e+01 2.542719213407364620e+01
1.376858595968384691e+01 9.932678891379509878e+02 8.926440137895774569e+02 8.777339825944505947e+02 5.797352563087603272e+01 2.783468880344018004e+01 2.556166149989754288e+01
1.408785707766881679e+01 1.037835919285800628e+03 9.451181991638239879e+02 8.988609652423725720e+02 8.843971267452100449e+01 2.984506293998931170e+01 2.574712013764305496e+01
1.439992009188157240e+01 1.094097473312341890e+03 9.898632428799007812e+02 8.794840286199557795e+02 1.513474111454918898e+02 3.440954082028245153e+01 2.605765482694272350e+01
1.472911628996964417e+01 1.145845421881288075e+03 1.001917551730376886e+03 9.079798966595488992e+02 3.230603045402901898e+02 4.118495885866028061e+01 2.655951036820455968e+01
1.507018836193175382e+01 1.186552190631066651e+03 1.003211876445500934e+03 8.974158402790845912e+02 6.544044884694787925e+02 5.990807654862493337e+01 2.769480795938372353e+01
1.542586322020840939e+01 1.176242361042817720e+03 9.996485581660344906e+02 9.699917349823566610e+02 8.610419630319089492e+02 1.012792507556243891e+02 3.008566881623907108e+01
1.580273381858584969e+01 1.213341756604779448e+03 1.047140703047601619e+03 1.001478315755829158e+03 8.837528144879765932e+02 2.118093020511841189e+02 3.672012332486887232e+01
1.612268125366670191e+01 1.159579530440592407e+03 1.105990895361578623e+03 9.992187324409882194e+02 9.032385083760743782e+02 4.089331498660027933e+02 4.699312211633085212e+01
1.646268252595715964e+01 1.035464451279053947e+03 1.168689943913386514e+03 1.000291971438857331e+03 9.197690120250500740e+02 8.104350742468759563e+02 7.047887233826840259e+01
1.680514951781322708e+01 9.797418896569851086e+02 1.228976016036668170e+03 1.025675981308495466e+03 8.996806697661448879e+02 8.777170066588612372e+02 1.232599000774361997e+02
1.707580004052470457e+01 9.540561237733379585e+02 1.256512295554438197e+03 1.071864414010430210e+03 8.965247386005928547e+02 8.849588792597547808e+02 2.073779768779993731e+02
1.743153004168258136e+01 9.217549079286742426e+02 1.237623303225388099e+03 1.137482719300385270e+03 9.980326256524041355e+02 8.977472353632658724e+02 4.391741669255844158e+02
1.784973222011201344e+01 8.900220326373591888e+02 1.270151602780072608e+03 1.209608370204151470e+03 1.002143323117104387e+03 9.297796027963482857e+02 8.741162228499886169e+02
1.818481671557860224e+01 8.662676867114422521e+02 1.194280071112326596e+03 1.265213422504886694e+03 9.938766682171988123e+02 8.900456741110972416e+02 8.861247881705293139e+02
1.855154653721489666e+01 8.437343672644198023e+02 1.047225155417626866e+03 1.277082049068301785e+03 1.022237121286552679e+03 9.394523770923226493e+02 8.876155410742366030e+02
1.893739685649738647e+01 8.207832678869123129e+02 9.955205204265979546e+02 1.282045296068403559e+03 1.091155375964122868e+03 9.966117129730893112e+02 8.888590026111244242e+02
1.932965289397109743e+01 7.994264561518808705e+02 9.539673318579889383e+02 1.248934053040626168e+03 1.174860169148152409e+03 9.911755870720128314e+02 9.119454161551806237e+02
1.978747334116664902e+01 7.760632879686129399e+02 9.161210210113647463e+02 1.279670792119647331e+03 1.238385613171762543e+03 1.025302259493630345e+03 9.412576687969851719e+02
2.024529378836220062e+01 7.540663908190048232e+02 8.824465906487929487e+02 1.100550980207775865e+03 1.277402061967788086e+03 1.109197687193281126e+03 1.002946082535586925e+03
2.057468129323041950e+01 7.390546515938203811e+02 8.606441100248878229e+02 1.043231573509629470e+03 1.257848706562055440e+03 1.181464323644153637e+03 9.990410053205823715e+02
2.100258508551267767e+01 7.204790581816074564e+02 8.338905054645858854e+02 9.924886984447293798e+02 1.271071205622474963e+03 1.247095682130440537e+03 1.017995856568644513e+03
2.137755090863405627e+01 7.049677005372828944e+02 8.123929342518704289e+02 9.573250937249633807e+02 1.269184118433834556e+03 1.269184118433834556e+03 1.088202375267412890e+03
2.176284221388965179e+01 6.896882717286753177e+02 7.917241002280305793e+02 9.257217050415039239e+02 1.263414501823768205e+03 1.264020697615602558e+03 1.168558806940412978e+03
2.217449014616253677e+01 6.740470821784438158e+02 7.709384713301955117e+02 8.947445102537100183e+02 1.098982648002772521e+03 1.260740936216094497e+03 1.250547827813659069e+03
2.258425906750862566e+01 6.591872635833302638e+02 7.513783116558805659e+02 8.669456525545717795e+02 1.032549942545131444e+03 1.198214557010973294e+03 1.275855374734437419e+03
2.295046390773966394e+01 6.463438837283860039e+02 7.347826138432097878e+02 8.436539949935323648e+02 9.928797605803786155e+02 1.075931981017063436e+03 1.258740226156196741e+03
2.333178395859078336e+01 6.334358336076985552e+02 7.182807396893072109e+02 8.211663165241950537e+02 9.579072825596371104e+02 1.017796759011273252e+03 1.268540489202250001e+03
2.370909239078632424e+01 6.210919768536699621e+02 7.026816360276509386e+02 8.004304292039736310e+02 9.271313787477680535e+02 9.798123174848687995e+02 1.264595722333110416e+03
2.416683552120827017e+01 6.066462357312782387e+02 6.846430254426122701e+02 7.769082656246997658e+02 8.929868348933963489e+02 9.412081063630897688e+02 1.241790565045484072e+03
2.462457865163021609e+01 5.927001164840529555e+02 6.674738657403037223e+02 7.548201204939987292e+02 8.621683094600452932e+02 9.051516896539811796e+02 1.156601176377864704e+03
2.499077315596777638e+01 5.819266761394886771e+02 6.543093141709866813e+02 7.380946276082389659e+02 8.392181805760150155e+02 8.794018427331575367e+02 1.045694573880327880e+03
2.542044375846932525e+01 5.696994928455203535e+02 6.394327739955780316e+02 7.194075674118092820e+02 8.142506080212643838e+02 8.512083412855211009e+02 9.911195193956319827e+02
2.585494212054955199e+01 5.577731368968854895e+02 6.249997619086042278e+02 7.014596120849635099e+02 7.908919003708108448e+02 8.249141313523041390e+02 9.481557190254926581e+02
2.620715735531083368e+01 5.484101994285954333e+02 6.136952175470167958e+02 6.875442597591434151e+02 7.730220933279603059e+02 8.050817328278980085e+02 9.193692623970703153e+02
2.659034290349971030e+01 5.385167961464778728e+02 6.017383705852643061e+02 6.729964707938626134e+02 7.545185926336233706e+02 7.848123136122679853e+02 8.901030241691953506e+02
2.696656486890738691e+01 5.290872478487864328e+02 5.903555909153880066e+02 6.592607432664185581e+02 7.372250491070748240e+02 7.659270065077744221e+02 8.640896249963318496e+02
2.735229576129910356e+01 5.196990721522230388e+02 5.790620928404725873e+02 6.456987173261120461e+02 7.203024261482917154e+02 7.475427184616191880e+02 8.390938870555104359e+02
2.767206769882497852e+01 5.121219540743038579e+02 5.699684977294721193e+02 6.348225214781600698e+02 7.068490270837287426e+02 7.329730822572662419e+02 8.197228340510324642e+02
2.795403911777945538e+01 5.055901548673209049e+02 5.621462736527593052e+02 6.254887170739273188e+02 6.953866401158481949e+02 7.205941894670846750e+02 8.036148824497923897e+02
2.824794748132731570e+01 4.989232106468903680e+02 5.541856388021950579e+02 6.159972680810989232e+02 6.838135720510077817e+02 7.081268390064815321e+02 7.876050534258221205e+02
2.855340096437787878e+01 4.921437093174167217e+02 5.461091630004232229e+02 6.063604001556745970e+02 6.721678123165451098e+02 6.956100133672265429e+02 7.716869925819452192e+02
2.881314553197974249e+01 4.864933989298075403e+02 5.393916174045539265e+02 5.983411325133747596e+02 6.625503584333848721e+02 6.852962603220138362e+02 7.586732909666442310e+02
2.900000000000000000e+01 4.824920131301479387e+02 5.346421511917200178e+02 5.926744551353455108e+02 6.557858763134272522e+02 6.780543658227263677e+02 7.495852971296131955e+02
