-3.175000000000000044e-02 2.690441362980343953e+01 2.688826667803521531e+01 2.652230017692594544e+01
-2.887501496039900084e-02 2.783982649655509789e+01 2.777453816764349526e+01 2.734728694118691905e+01
-2.621213675472700011e-02 3.097863155573140403e+01 3.083580845400624781e+01 3.024473839550550025e+01
-2.374571684624900147e-02 3.761860132835117554e+01 3.759283667018983977e+01 3.673742855246754146e+01
-2.146126119522600087e-02 4.995970600648220739e+01 5.075281216527401540e+01 4.951401707382783712e+01
-1.934534508396100125e-02 7.107109649409706265e+01 7.400800884346116959e+01 7.228895119990360740e+01
-1.738553422577999996e-02 1.044757000043639721e+02 1.112600294911219834e+02 1.091925409184394340e+02
-1.557031169432000067e-02 1.530907636342856790e+02 1.652823744893829030e+02 1.635496511438728646e+02
-1.388901024374299999e-02 2.178798304747015493e+02 2.364498962244286702e+02 2.365200581630388115e+02
-1.233174962212500031e-02 2.982080974894955716e+02 3.235693304319329968e+02 3.276981283784717789e+02
-1.088937850967099975e-02 3.904656950633326460e+02 4.221355531043864744e+02 4.331046080182907758e+02
-9.553420740520599669e-03 4.879836623304337877e+02 5.245240061192514531e+02 5.445760532668889482e+02
-8.316025492138999151e-03 5.842187069083079223e+02 6.252384327184680615e+02 6.559920479089561240e+02
-7.169921149566100063e-03 6.758046797975066511e+02 7.223164322081236151e+02 7.679600235445534508e+02
-6.108372573407800342e-03 7.622229345954491464e+02 8.158098071423200963e+02 8.828145533915916303e+02
-5.125141520453399720e-03 8.355588347780094409e+02 9.003411616276732730e+02 1.016845585602243659e+03
-4.214449984327400291e-03 9.086972485338475281e+02 9.752953485677276149e+02 1.147995523610400596e+03
-3.370946240747099872e-03 9.941957600012810872e+02 1.064459360000295874e+03 1.222714316340490768e+03
-2.589673397847199864e-03 1.039976263422036482e+03 1.116671859206202726e+03 1.239606573155244178e+03
-1.866040266757599967e-03 1.077913580405821449e+03 1.163335566586876212e+03 1.231385176000147567e+03
-1.195794381252399900e-03 1.107856573869697286e+03 1.201708878726205285e+03 1.209393958461188276e+03
-5.749970079200999572e-04 1.115500842333446599e+03 1.207167593780554398e+03 1.192055334921217991e+03
0.000000000000000000e+00 1.122826364621859966e+03 1.217103340542124897e+03 1.196248906863385855e+03
0.000000000000000000e+00 1.145122307084324120e+03 1.232854922221258903e+03 1.196319388459362472e+03
5.749970079200999572e-04 1.162936151605787245e+03 1.241678081427244933e+03 1.202759065513381756e+03
1.195794381252399900e-03 1.157016786532164588e+03 1.219367855145909061e+03 1.180011137766247430e+03
1.866040266757599967e-03 1.128403383969736296e+03 1.180212511418952545e+03 1.147696270737376608e+03
2.589673397847199864e-03 1.084998046702521151e+03 1.131031485927560425e+03 1.110975819625397662e+03
3.370946240747099872e-03 1.019319877244222539e+03 1.056291023679765431e+03 1.061130917724792425e+03
4.214449984327400291e-03 9.467527644883398352e+02 9.767537599109908797e+02 1.005542319812674123e+03
5.125141520453399720e-03 8.648556351901403332e+02 8.915427923137044672e+02 9.223188088549890153e+02
6.108372573407800342e-03 7.929853753212853462e+02 8.159291298462882196e+02 8.252735583778248838e+02
7.169921149566100063e-03 7.168949595422681114e+02 7.347890102729044202e+02 7.392794211615668019e+02
8.316025492138999151e-03 6.291524684623285566e+02 6.435728164916407650e+02 6.423444337761148972e+02
9.553420740520599669e-03 5.340795833213630885e+02 5.455242589858687552e+02 5.399548481579097370e+02
1.088937850967099975e-02 4.339704624625604765e+02 4.427893420600005356e+02 4.336201625538095641e+02
1.233174962212500031e-02 3.357684803568436109e+02 3.416649527448532240e+02 3.308887689326231225e+02
1.388901024374299999e-02 2.480711717270667123e+02 2.510585807771614668e+02 2.404782874641902310e+02
1.557031169432000067e-02 1.759278354063847587e+02 1.763663215768014538e+02 1.670280719088981698e+02
1.738553422577999996e-02 1.206230420296410841e+02 1.192495167677391095e+02 1.117737563954882773e+02
1.934534508396100125e-02 8.164267754513871012e+01 7.943216644867126774e+01 7.399760303433193087e+01
2.146126119522600087e-02 5.637731689884622455e+01 5.421935398360339775e+01 5.055363165934697633e+01
2.374571684624900147e-02 4.125330292749699623e+01 3.966504807282856149e+01 3.733670749816691625e+01
2.621213675472700011e-02 3.291564610440880045e+01 3.200730958225467049e+01 3.058205096899866504e+01
2.887501496039900084e-02 2.885356409768714769e+01 2.845043369809047817e+01 2.754716988740722883e+01
3.175000000000000044e-02 2.761583622006881100e+01 2.740274357075896106e+01 2.667854958814773880e+01
