Node Number	X Location (mm)	Y Location (mm)	Z Location (mm)	Normal Stress (MPa)
1	-3.3333	15.	5.9623	0.20748
2	-6.6667	15.	6.9245	0.2596
25	1.7347e-015	15.	5.	0.15002
26	-10.	15.	7.8868	0.24843
27	-10.	10.	7.8868	0.19756
28	-10.	10.	15.774	0.28355
29	-10.	15.	15.774	0.47447
30	-10.	20.	15.774	0.7361
31	-10.	20.	7.8868	0.45557
32	-10.	10.	0.	0.18392
33	-10.	15.	0.	0.28611
34	-10.	20.	0.	0.44205
58	1.7347e-015	10.	0.	0.17841
59	-6.6667	15.	0.	0.2689
60	-3.3333	15.	0.	0.20573
61	1.7347e-015	15.	0.	0.17928
62	-6.6667	10.	0.	0.19593
63	-3.3333	10.	0.	0.18213
64	-6.6667	20.	0.	0.4055
65	-3.3333	20.	0.	0.3679
66	1.7347e-015	20.	0.	0.37459
67	-6.6667	20.	6.9245	0.43872
68	-3.3333	20.	5.9623	0.43463
69	1.7347e-015	20.	5.	0.42538
70	-6.6667	20.	13.849	0.67725
71	1.7347e-015	20.	10.	0.71565
72	-3.3333	20.	11.925	0.68387
73	-6.6667	15.	13.849	0.43058
74	-3.3333	15.	11.925	0.38985
75	-6.6667	10.	13.849	0.26616
76	-3.3333	10.	11.925	0.29151
77	1.7347e-015	10.	10.	0.2531
78	1.7347e-015	15.	10.	0.40805
107	-6.6667	10.	6.9245	0.22184
108	-3.3333	10.	5.9623	0.3033
109	1.7347e-015	10.	5.	0.37875
3	-6.6667	15.	16.925	0.64966
4	-3.3333	15.	15.962	0.51293
15	-3.3333	15.	20.	0.88273
16	-6.6667	15.	20.	0.9498
28	-10.	10.	15.774	0.3758
29	-10.	15.	15.774	0.5552
30	-10.	20.	15.774	0.78532
43	1.7347e-015	10.	20.	1.0141
44	-3.3333	10.	20.	0.99827
45	-6.6667	10.	20.	0.92957
46	-10.	10.	20.	0.95737
70	-6.6667	20.	13.849	0.75204
71	1.7347e-015	20.	10.	0.7097
72	-3.3333	20.	11.925	0.68205
73	-6.6667	15.	13.849	0.51738
74	-3.3333	15.	11.925	0.4037
75	-6.6667	10.	13.849	0.47616
76	-3.3333	10.	11.925	0.41161
77	1.7347e-015	10.	10.	0.50185
78	1.7347e-015	15.	10.	0.36176
79	1.7347e-015	15.	15.	0.40976
80	1.7347e-015	15.	20.	0.81054
81	1.7347e-015	10.	15.	0.64013
82	1.7347e-015	20.	20.	1.1954
83	1.7347e-015	20.	15.	0.82895
84	-10.	15.	17.887	0.70096
85	-10.	15.	20.	1.0338
86	-10.	10.	17.887	0.64099
87	-10.	20.	20.	1.3173
88	-10.	20.	17.887	0.95664
89	-6.6667	20.	16.925	0.92637
90	-3.3333	20.	15.962	0.8475
91	-6.6667	20.	20.	1.2125
92	-3.3333	20.	20.	1.2157
93	-3.3333	10.	15.962	0.62717
94	-6.6667	10.	16.925	0.63026
5	-6.6667	5.	16.925	1.9583e-003
6	-3.3333	5.	15.962	3.8832e-004
19	-3.3333	5.	11.925	1.8038e-003
20	-6.6667	5.	13.849	1.4963e-003
28	-10.	10.	15.774	3.7283e-003
35	-6.6667	5.	20.	2.7174e-003
36	-3.3333	5.	20.	5.8793e-004
37	-6.6667	0.	20.	-1.4276e-004
38	-3.3333	0.	20.	-5.7585e-004
39	-10.	5.	20.	3.1413e-003
40	-10.	0.	20.	8.8657e-004
41	1.7347e-015	5.	20.	-1.1168e-003
42	1.7347e-015	0.	20.	4.2937e-004
43	1.7347e-015	10.	20.	1.2312e-002
44	-3.3333	10.	20.	1.0926e-002
45	-6.6667	10.	20.	9.2756e-003
46	-10.	10.	20.	9.6874e-003
75	-6.6667	10.	13.849	4.2675e-003
76	-3.3333	10.	11.925	5.099e-003
77	1.7347e-015	10.	10.	4.3846e-003
81	1.7347e-015	10.	15.	7.8632e-003
86	-10.	10.	17.887	6.3016e-003
93	-3.3333	10.	15.962	6.8482e-003
94	-6.6667	10.	16.925	6.1878e-003
95	1.7347e-015	5.	15.	-1.1856e-003
96	1.7347e-015	5.	10.	1.0107e-003
97	1.7347e-015	-1.1848e-015	15.	8.6655e-004
98	1.7347e-015	-1.7347e-015	10.	-9.2375e-004
99	-10.	5.	17.887	2.1425e-003
100	-10.	5.	15.774	1.1604e-003
101	-10.	0.	17.887	6.2769e-004
102	-10.	0.	15.774	6.6946e-004
103	-6.6667	-1.3965e-015	16.925	-1.7365e-004
104	-3.3333	-1.2907e-015	15.962	-1.4771e-004
105	-6.6667	-1.7347e-015	13.849	2.295e-004
106	-3.3333	-1.7347e-015	11.925	-1.9171e-003
7	-6.6667	5.	6.9245	7.6196e-002
8	-3.3333	5.	5.9623	0.10367
17	-6.6667	5.	0.	2.2425e-002
18	-3.3333	5.	0.	-5.1699e-003
19	-3.3333	5.	11.925	0.11196
20	-6.6667	5.	13.849	4.1168e-002
27	-10.	10.	7.8868	0.15831
28	-10.	10.	15.774	0.27478
32	-10.	10.	0.	0.19377
56	1.7347e-015	0.	0.	-0.31965
57	1.7347e-015	5.	0.	-3.5005e-002
58	1.7347e-015	10.	0.	0.19013
62	-6.6667	10.	0.	0.18687
63	-3.3333	10.	0.	0.19976
75	-6.6667	10.	13.849	0.29183
76	-3.3333	10.	11.925	0.28157
77	1.7347e-015	10.	10.	0.29497
96	1.7347e-015	5.	10.	0.15285
98	1.7347e-015	-1.7347e-015	10.	-5.094e-002
100	-10.	5.	15.774	2.0762e-002
102	-10.	0.	15.774	1.6159e-002
105	-6.6667	-1.7347e-015	13.849	7.1609e-003
106	-3.3333	-1.7347e-015	11.925	-4.5245e-002
107	-6.6667	10.	6.9245	0.19605
108	-3.3333	10.	5.9623	0.30689
109	1.7347e-015	10.	5.	0.36887
110	-10.	5.	7.8868	7.2131e-002
111	-10.	5.	0.	2.439e-002
112	-10.	0.	7.8868	-6.5844e-002
113	-10.	0.	0.	-0.14734
114	-6.6667	0.	6.9245	-9.8954e-002
115	-3.3333	0.	5.9623	-0.18021
116	-6.6667	0.	0.	-0.18579
117	-3.3333	0.	0.	-0.27207
118	1.7347e-015	0.	5.	-0.21034
140	1.7347e-015	5.	5.	0.11818
9	6.6667	15.	13.075	0.67354
10	3.3333	15.	14.038	0.60388
21	10.	15.	12.113	0.67453
43	1.7347e-015	10.	20.	0.81201
71	1.7347e-015	20.	10.	0.56304
77	1.7347e-015	10.	10.	7.6044e-002
78	1.7347e-015	15.	10.	0.47866
79	1.7347e-015	15.	15.	0.54511
80	1.7347e-015	15.	20.	0.81478
81	1.7347e-015	10.	15.	0.6481
82	1.7347e-015	20.	20.	0.92713
83	1.7347e-015	20.	15.	0.71056
119	6.6667	20.	13.075	0.69158
120	3.3333	20.	14.038	0.70458
121	10.	20.	12.113	0.6815
122	3.3333	20.	8.0755	0.55487
123	10.	20.	4.2265	0.50099
124	6.6667	20.	6.151	0.48904
125	10.	20.	20.	0.61734
126	6.6667	20.	20.	0.62582
127	3.3333	20.	20.	0.76341
128	6.6667	10.	13.075	0.63772
129	3.3333	10.	14.038	0.62265
130	10.	10.	12.113	0.67064
131	10.	10.	4.2265	0.35101
132	6.6667	10.	6.151	0.37928
133	3.3333	10.	8.0755	0.28248
134	10.	10.	20.	0.63182
135	6.6667	10.	20.	0.63119
136	3.3333	10.	20.	0.71635
137	6.6667	15.	20.	0.67109
138	3.3333	15.	20.	0.75359
139	10.	15.	20.	0.62061
150	6.6667	15.	6.151	0.46401
151	3.3333	15.	8.0755	0.45529
152	10.	15.	4.2265	0.50246
11	6.6667	5.	3.0755	-3.9689e-002
12	3.3333	5.	4.0377	1.0292e-002
22	3.3333	5.	8.0755	2.3817e-002
23	6.6667	5.	6.151	-0.10633
47	6.6667	5.	0.	-0.14874
48	3.3333	5.	0.	-0.1428
49	6.6667	10.	0.	4.1041e-002
50	3.3333	10.	0.	0.12534
51	10.	10.	0.	1.9108e-002
52	10.	5.	0.	-9.4531e-002
53	10.	0.	0.	-8.3341e-002
54	6.6667	0.	0.	-0.16965
55	3.3333	0.	0.	-0.28639
56	1.7347e-015	0.	0.	-0.30284
57	1.7347e-015	5.	0.	-0.13983
58	1.7347e-015	10.	0.	0.2711
77	1.7347e-015	10.	10.	1.0341
96	1.7347e-015	5.	10.	4.9588e-002
98	1.7347e-015	-1.7347e-015	10.	-7.5e-002
109	1.7347e-015	10.	5.	0.79065
118	1.7347e-015	0.	5.	-0.21763
131	10.	10.	4.2265	1.592
132	6.6667	10.	6.151	1.4301
133	3.3333	10.	8.0755	1.2115
140	1.7347e-015	5.	5.	2.7837e-002
141	6.6667	0.	3.0755	-7.733e-002
142	3.3333	0.	4.0377	-0.16794
143	6.6667	-1.7347e-015	6.151	-7.3735e-003
144	3.3333	-1.7347e-015	8.0755	-4.8203e-002
145	10.	0.	4.2265	-5.2871e-003
146	10.	0.	2.1132	-7.19e-002
147	10.	5.	2.1132	-1.4826e-002
148	10.	5.	4.2265	-0.26947
149	10.	10.	2.1132	0.2437
153	6.6667	10.	3.0755	0.46252
154	3.3333	10.	4.0377	0.69441
13	3.3333	15.	4.0377	0.23632
14	6.6667	15.	3.0755	0.1692
24	10.	15.	2.1132	6.5508e-002
25	1.7347e-015	15.	5.	0.23347
49	6.6667	10.	0.	-2.1199e-002
50	3.3333	10.	0.	3.9624e-002
51	10.	10.	0.	-3.9521e-002
58	1.7347e-015	10.	0.	2.4548e-002
61	1.7347e-015	15.	0.	8.7594e-002
66	1.7347e-015	20.	0.	0.2135
69	1.7347e-015	20.	5.	0.39724
71	1.7347e-015	20.	10.	0.58883
77	1.7347e-015	10.	10.	3.2063e-002
78	1.7347e-015	15.	10.	0.44428
109	1.7347e-015	10.	5.	4.2596e-002
122	3.3333	20.	8.0755	0.54823
123	10.	20.	4.2265	0.56302
124	6.6667	20.	6.151	0.49618
131	10.	10.	4.2265	-0.18711
132	6.6667	10.	6.151	-1.7949e-002
133	3.3333	10.	8.0755	1.5604e-002
149	10.	10.	2.1132	-2.9525e-002
150	6.6667	15.	6.151	0.4951
151	3.3333	15.	8.0755	0.46215
152	10.	15.	4.2265	0.62745
153	6.6667	10.	3.0755	1.0202e-002
154	3.3333	10.	4.0377	3.8507e-002
155	6.6667	15.	0.	-2.8284e-002
156	3.3333	15.	0.	2.2798e-002
157	10.	15.	0.	-8.9025e-003
158	3.3333	20.	0.	0.11501
159	6.6667	20.	0.	-3.8019e-003
160	10.	20.	0.	-3.5584e-003
161	6.6667	20.	3.0755	0.2203
162	3.3333	20.	4.0377	0.3594
163	10.	20.	2.1132	7.6876e-002
