Node Number	X Location (mm)	Y Location (mm)	Z Location (mm)	Normal Stress (MPa)
1	9.	1.	1.	8.7903e-002
2	9.	2.	1.	0.11671
3	9.	3.	1.	-9.0788e-002
4	9.	4.	1.	-5.7042e-002
5	9.	5.	1.	-4.7602e-002
6	9.	6.	1.	-4.0144e-002
7	9.	7.	1.	-4.2964e-002
8	9.	8.	1.	-5.2591e-002
9	9.	9.	1.	-6.1299e-002
10	9.	1.	2.	5.5821e-002
11	9.	2.	2.	0.15074
12	9.	3.	2.	-6.4786e-002
13	9.	4.	2.	-3.8522e-002
14	9.	5.	2.	-3.7899e-002
15	9.	6.	2.	-3.346e-002
16	9.	7.	2.	-3.7534e-002
17	9.	8.	2.	-4.7102e-002
18	9.	9.	2.	-5.6324e-002
19	9.	1.	3.	2.746e-002
20	9.	2.	3.	0.12916
21	9.	3.	3.	-4.939e-002
22	9.	4.	3.	-2.8205e-002
23	9.	5.	3.	-3.0214e-002
24	9.	6.	3.	-2.8642e-002
25	9.	7.	3.	-3.4099e-002
26	9.	8.	3.	-4.4542e-002
27	9.	9.	3.	-5.5444e-002
28	9.	1.	4.	3.8573e-002
29	9.	2.	4.	0.11435
30	9.	3.	4.	-3.943e-002
31	9.	4.	4.	-1.8732e-002
32	9.	5.	4.	-2.2692e-002
33	9.	6.	4.	-2.3594e-002
34	9.	7.	4.	-3.0553e-002
35	9.	8.	4.	-4.1948e-002
36	9.	9.	4.	-5.415e-002
37	9.	1.	5.	6.339e-002
38	9.	2.	5.	0.10982
39	9.	3.	5.	-2.5771e-002
40	9.	4.	5.	-1.0369e-002
41	9.	5.	5.	-1.5388e-002
42	9.	6.	5.	-1.8535e-002
43	9.	7.	5.	-2.6924e-002
44	9.	8.	5.	-3.9128e-002
45	9.	9.	5.	-5.2257e-002
46	9.	1.	6.	0.10442
47	9.	2.	6.	0.1115
48	9.	3.	6.	-7.9104e-003
49	9.	4.	6.	-1.0617e-003
50	9.	5.	6.	-8.3606e-003
51	9.	6.	6.	-1.4032e-002
52	9.	7.	6.	-2.3705e-002
53	9.	8.	6.	-3.6501e-002
54	9.	9.	6.	-5.0218e-002
55	9.	1.	7.	0.16625
56	9.	2.	7.	0.11722
57	9.	3.	7.	1.3165e-002
58	9.	4.	7.	8.9721e-003
59	9.	5.	7.	-2.7401e-003
60	9.	6.	7.	-1.0928e-002
61	9.	7.	7.	-2.156e-002
62	9.	8.	7.	-3.4634e-002
63	9.	9.	7.	-4.8532e-002
64	9.	1.	8.	0.2665
65	9.	2.	8.	0.13497
66	9.	3.	8.	3.3412e-002
67	9.	4.	8.	1.28e-002
68	9.	5.	8.	-1.4683e-003
69	9.	6.	8.	-1.0757e-002
70	9.	7.	8.	-2.0921e-002
71	9.	8.	8.	-3.3689e-002
72	9.	9.	8.	-4.7418e-002
73	9.	1.	9.	0.47338
74	9.	2.	9.	6.8067e-002
75	9.	3.	9.	1.9422e-002
76	9.	4.	9.	-1.3791e-003
77	9.	5.	9.	-9.7682e-003
78	9.	6.	9.	-1.4957e-002
79	9.	7.	9.	-2.1609e-002
80	9.	8.	9.	-3.2e-002
81	9.	9.	9.	-4.5377e-002
82	8.	1.	1.	3.1105
83	8.	2.	1.	0.31817
84	8.	3.	1.	6.2948e-002
85	8.	4.	1.	-5.2817e-002
86	8.	5.	1.	-6.6789e-002
87	8.	6.	1.	-7.7265e-002
88	8.	7.	1.	-9.2707e-002
89	8.	8.	1.	-0.11745
90	8.	9.	1.	-0.13864
91	8.	1.	2.	2.9239
92	8.	2.	2.	0.34047
93	8.	3.	2.	0.10062
94	8.	4.	2.	-2.1369e-002
95	8.	5.	2.	-4.4267e-002
96	8.	6.	2.	-6.106e-002
97	8.	7.	2.	-7.9428e-002
98	8.	8.	2.	-0.10484
99	8.	9.	2.	-0.12736
100	8.	1.	3.	2.6538
101	8.	2.	3.	0.32054
102	8.	3.	3.	0.10575
103	8.	4.	3.	-5.5999e-003
104	8.	5.	3.	-3.0173e-002
105	8.	6.	3.	-4.9888e-002
106	8.	7.	3.	-7.0816e-002
107	8.	8.	3.	-9.8041e-002
108	8.	9.	3.	-0.1233
109	8.	1.	4.	2.3555
110	8.	2.	4.	0.30068
111	8.	3.	4.	0.1076
112	8.	4.	4.	6.6702e-003
113	8.	5.	4.	-1.8798e-002
114	8.	6.	4.	-4.0526e-002
115	8.	7.	4.	-6.3569e-002
116	8.	8.	4.	-9.2401e-002
117	8.	9.	4.	-0.11994
118	8.	1.	5.	2.0366
119	8.	2.	5.	0.28865
120	8.	3.	5.	0.1136
121	8.	4.	5.	2.0313e-002
122	8.	5.	5.	-7.601e-003
123	8.	6.	5.	-3.1721e-002
124	8.	7.	5.	-5.6803e-002
125	8.	8.	5.	-8.7064e-002
126	8.	9.	5.	-0.11667
127	8.	1.	6.	1.6984
128	8.	2.	6.	0.28453
129	8.	3.	6.	0.12427
130	8.	4.	6.	3.5426e-002
131	8.	5.	6.	3.119e-003
132	8.	6.	6.	-2.3923e-002
133	8.	7.	6.	-5.1022e-002
134	8.	8.	6.	-8.2524e-002
135	8.	9.	6.	-0.11408
136	8.	1.	7.	1.3408
137	8.	2.	7.	0.28986
138	8.	3.	7.	0.13562
139	8.	4.	7.	4.8175e-002
140	8.	5.	7.	1.0579e-002
141	8.	6.	7.	-1.904e-002
142	8.	7.	7.	-4.748e-002
143	8.	8.	7.	-7.9643e-002
144	8.	9.	7.	-0.11278
145	8.	1.	8.	0.97922
146	8.	2.	8.	0.2843
147	8.	3.	8.	0.1327
148	8.	4.	8.	4.8659e-002
149	8.	5.	8.	8.7669e-003
150	8.	6.	8.	-2.0356e-002
151	8.	7.	8.	-4.765e-002
152	8.	8.	8.	-7.8839e-002
153	8.	9.	8.	-0.11251
154	8.	1.	9.	0.44893
155	8.	2.	9.	0.23268
156	8.	3.	9.	8.0419e-002
157	8.	4.	9.	2.092e-002
158	8.	5.	9.	-9.4587e-003
159	8.	6.	9.	-3.0462e-002
160	8.	7.	9.	-5.1712e-002
161	8.	8.	9.	-7.849e-002
162	8.	9.	9.	-0.11027
163	7.	1.	1.	3.1961
164	7.	2.	1.	1.2219
165	7.	3.	1.	0.32046
166	7.	4.	1.	7.4552e-002
167	7.	5.	1.	-3.6589e-002
168	7.	6.	1.	-9.0577e-002
169	7.	7.	1.	-0.13668
170	7.	8.	1.	-0.18592
171	7.	9.	1.	-0.23248
172	7.	1.	2.	3.0718
173	7.	2.	2.	1.2057
174	7.	3.	2.	0.35105
175	7.	4.	2.	0.1079
176	7.	5.	2.	-8.379e-003
177	7.	6.	2.	-6.8176e-002
178	7.	7.	2.	-0.11828
179	7.	8.	2.	-0.16925
180	7.	9.	2.	-0.21757
181	7.	1.	3.	2.8405
182	7.	2.	3.	1.1316
183	7.	3.	3.	0.35022
184	7.	4.	3.	0.1227
185	7.	5.	3.	9.6028e-003
186	7.	6.	3.	-5.2328e-002
187	7.	7.	3.	-0.10512
188	7.	8.	3.	-0.15846
189	7.	9.	3.	-0.20981
190	7.	1.	4.	2.5491
191	7.	2.	4.	1.0364
192	7.	3.	4.	0.33918
193	7.	4.	4.	0.13055
194	7.	5.	4.	2.2927e-002
195	7.	6.	4.	-3.9694e-002
196	7.	7.	4.	-9.4279e-002
197	7.	8.	4.	-0.14955
198	7.	9.	4.	-0.20343
199	7.	1.	5.	2.2248
200	7.	2.	5.	0.93156
201	7.	3.	5.	0.32716
202	7.	4.	5.	0.13717
203	7.	5.	5.	3.4652e-002
204	7.	6.	5.	-2.8615e-002
205	7.	7.	5.	-8.4682e-002
206	7.	8.	5.	-0.14157
207	7.	9.	5.	-0.19786
208	7.	1.	6.	1.875
209	7.	2.	6.	0.82163
210	7.	3.	6.	0.31547
211	7.	4.	6.	0.14295
212	7.	5.	6.	4.4743e-002
213	7.	6.	6.	-1.9499e-002
214	7.	7.	6.	-7.6826e-002
215	7.	8.	6.	-0.13507
216	7.	9.	6.	-0.19388
217	7.	1.	7.	1.5021
218	7.	2.	7.	0.70348
219	7.	3.	7.	0.29872
220	7.	4.	7.	0.14377
221	7.	5.	7.	4.958e-002
222	7.	6.	7.	-1.4795e-002
223	7.	7.	7.	-7.2285e-002
224	7.	8.	7.	-0.13101
225	7.	9.	7.	-0.19202
226	7.	1.	8.	1.089
227	7.	2.	8.	0.55951
228	7.	3.	8.	0.26668
229	7.	4.	8.	0.12868
230	7.	5.	8.	4.2284e-002
231	7.	6.	8.	-1.8571e-002
232	7.	7.	8.	-7.2971e-002
233	7.	8.	8.	-0.12974
234	7.	9.	8.	-0.1914
235	7.	1.	9.	0.60637
236	7.	2.	9.	0.37618
237	7.	3.	9.	0.19515
238	7.	4.	9.	8.2367e-002
239	7.	5.	9.	1.4509e-002
240	7.	6.	9.	-3.4658e-002
241	7.	7.	9.	-7.9798e-002
242	7.	8.	9.	-0.1297
243	7.	9.	9.	-0.18796
244	6.	1.	1.	2.6841
245	6.	2.	1.	1.5667
246	6.	3.	1.	0.71245
247	6.	4.	1.	0.26726
248	6.	5.	1.	5.867e-002
249	6.	6.	1.	-6.5327e-002
250	6.	7.	1.	-0.1556
251	6.	8.	1.	-0.23955
252	6.	9.	1.	-0.3269
253	6.	1.	2.	2.6069
254	6.	2.	2.	1.5327
255	6.	3.	2.	0.72371
256	6.	4.	2.	0.29449
257	6.	5.	2.	8.6137e-002
258	6.	6.	2.	-4.1947e-002
259	6.	7.	2.	-0.13669
260	6.	8.	2.	-0.22394
261	6.	9.	2.	-0.31328
262	6.	1.	3.	2.4595
263	6.	2.	3.	1.456
264	6.	3.	3.	0.70533
265	6.	4.	3.	0.30333
266	6.	5.	3.	0.1025
267	6.	6.	3.	-2.5114e-002
268	6.	7.	3.	-0.1219
269	6.	8.	3.	-0.21129
270	6.	9.	3.	-0.30236
271	6.	1.	4.	2.2452
272	6.	2.	4.	1.3454
273	6.	3.	4.	0.66917
274	6.	4.	4.	0.30171
275	6.	5.	4.	0.11213
276	6.	6.	4.	-1.2416e-002
277	6.	7.	4.	-0.10948
278	6.	8.	4.	-0.19996
279	6.	9.	4.	-0.29224
280	6.	1.	5.	1.9914
281	6.	2.	5.	1.2134
282	6.	3.	5.	0.62307
283	6.	4.	5.	0.29462
284	6.	5.	5.	0.11804
285	6.	6.	5.	-2.3267e-003
286	6.	7.	5.	-9.8813e-002
287	6.	8.	5.	-0.18981
288	6.	9.	5.	-0.28325
289	6.	1.	6.	1.7111
290	6.	2.	6.	1.0668
291	6.	3.	6.	0.5699
292	6.	4.	6.	0.28339
293	6.	5.	6.	0.12058
294	6.	6.	6.	4.9252e-003
295	6.	7.	6.	-9.0433e-002
296	6.	8.	6.	-0.18162
297	6.	9.	6.	-0.27651
298	6.	1.	7.	1.4074
299	6.	2.	7.	0.90453
300	6.	3.	7.	0.50744
301	6.	4.	7.	0.26504
302	6.	5.	7.	0.11688
303	6.	6.	7.	7.0859e-003
304	6.	7.	7.	-8.588e-002
305	6.	8.	7.	-0.17632
306	6.	9.	7.	-0.27262
307	6.	1.	8.	1.076
308	6.	2.	8.	0.7216
309	6.	3.	8.	0.42779
310	6.	4.	8.	0.23162
311	6.	5.	8.	0.10052
312	6.	6.	8.	-6.6603e-006
313	6.	7.	8.	-8.7195e-002
314	6.	8.	8.	-0.1741
315	6.	9.	8.	-0.27033
316	6.	1.	9.	0.74335
317	6.	2.	9.	0.51276
318	6.	3.	9.	0.31817
319	6.	4.	9.	0.17004
320	6.	5.	9.	6.1997e-002
321	6.	6.	9.	-2.1845e-002
322	6.	7.	9.	-9.6553e-002
323	6.	8.	9.	-0.17395
324	6.	9.	9.	-0.26543
325	5.	1.	1.	2.2945
326	5.	2.	1.	1.5911
327	5.	3.	1.	0.93707
328	5.	4.	1.	0.46967
329	5.	5.	1.	0.17693
330	5.	6.	1.	-1.0507e-002
331	5.	7.	1.	-0.1509
332	5.	8.	1.	-0.27588
333	5.	9.	1.	-0.41006
334	5.	1.	2.	2.2367
335	5.	2.	2.	1.5621
336	5.	3.	2.	0.93905
337	5.	4.	2.	0.48902
338	5.	5.	2.	0.20044
339	5.	6.	2.	1.016e-002
340	5.	7.	2.	-0.1354
341	5.	8.	2.	-0.26532
342	5.	9.	2.	-0.40174
343	5.	1.	3.	2.137
344	5.	2.	3.	1.4993
345	5.	3.	3.	0.91451
346	5.	4.	3.	0.48972
347	5.	5.	3.	0.21227
348	5.	6.	3.	2.4583e-002
349	5.	7.	3.	-0.12182
350	5.	8.	3.	-0.25309
351	5.	9.	3.	-0.38921
352	5.	1.	4.	1.9836
353	5.	2.	4.	1.4017
354	5.	3.	4.	0.86781
355	5.	4.	4.	0.47621
356	5.	5.	4.	0.21531
357	5.	6.	4.	3.4165e-002
358	5.	7.	4.	-0.10999
359	5.	8.	4.	-0.24039
360	5.	9.	4.	-0.37521
361	5.	1.	5.	1.7903
362	5.	2.	5.	1.2782
363	5.	3.	5.	0.80564
364	5.	4.	5.	0.4535
365	5.	5.	5.	0.21268
366	5.	6.	5.	4.0336e-002
367	5.	7.	5.	-9.9924e-002
368	5.	8.	5.	-0.22845
369	5.	9.	5.	-0.36181
370	5.	1.	6.	1.5725
371	5.	2.	6.	1.1382
372	5.	3.	6.	0.73363
373	5.	4.	6.	0.42484
374	5.	5.	6.	0.20598
375	5.	6.	6.	4.3443e-002
376	5.	7.	6.	-9.2268e-002
377	5.	8.	6.	-0.21868
378	5.	9.	6.	-0.35121
379	5.	1.	7.	1.3381
380	5.	2.	7.	0.98524
381	5.	3.	7.	0.65229
382	5.	4.	7.	0.38909
383	5.	5.	7.	0.19346
384	5.	6.	7.	4.1779e-002
385	5.	7.	7.	-8.8331e-002
386	5.	8.	7.	-0.21201
387	5.	9.	7.	-0.34415
388	5.	1.	8.	1.0959
389	5.	2.	8.	0.81995
390	5.	3.	8.	0.55774
391	5.	4.	8.	0.34059
392	5.	5.	8.	0.16975
393	5.	6.	8.	3.1428e-002
394	5.	7.	8.	-9.0126e-002
395	5.	8.	8.	-0.20851
396	5.	9.	8.	-0.33943
397	5.	1.	9.	0.86625
398	5.	2.	9.	0.64746
399	5.	3.	9.	0.44239
400	5.	4.	9.	0.26837
401	5.	5.	9.	0.12518
402	5.	6.	9.	5.9278e-003
403	5.	7.	9.	-0.10052
404	5.	8.	9.	-0.20724
405	5.	9.	9.	-0.33211
406	4.	1.	1.	2.0149
407	4.	2.	1.	1.5341
408	4.	3.	1.	1.0297
409	4.	4.	1.	0.60274
410	4.	5.	1.	0.28369
411	4.	6.	1.	5.0205e-002
412	4.	7.	1.	-0.13379
413	4.	8.	1.	-0.2992
414	4.	9.	1.	-0.4757
415	4.	1.	2.	1.9812
416	4.	2.	2.	1.5193
417	4.	3.	2.	1.0351
418	4.	4.	2.	0.62011
419	4.	5.	2.	0.3042
420	4.	6.	2.	6.7237e-002
421	4.	7.	2.	-0.12348
422	4.	8.	2.	-0.29574
423	4.	9.	2.	-0.47506
424	4.	1.	3.	1.9084
425	4.	2.	3.	1.4695
426	4.	3.	3.	1.011
427	4.	4.	3.	0.61559
428	4.	5.	3.	0.31055
429	4.	6.	3.	7.7555e-002
430	4.	7.	3.	-0.11286
431	4.	8.	3.	-0.28526
432	4.	9.	3.	-0.46216
433	4.	1.	4.	1.7903
434	4.	2.	4.	1.3849
435	4.	3.	4.	0.96138
436	4.	4.	4.	0.59355
437	4.	5.	4.	0.30593
438	4.	6.	4.	8.2403e-002
439	4.	7.	4.	-0.1029
440	4.	8.	4.	-0.27154
441	4.	9.	4.	-0.44387
442	4.	1.	5.	1.6401
443	4.	2.	5.	1.2768
444	4.	3.	5.	0.89617
445	4.	4.	5.	0.56157
446	4.	5.	5.	0.29519
447	4.	6.	5.	8.3815e-002
448	4.	7.	5.	-9.4386e-002
449	4.	8.	5.	-0.25797
450	4.	9.	5.	-0.42556
451	4.	1.	6.	1.4712
452	4.	2.	6.	1.1552
453	4.	3.	6.	0.82218
454	4.	4.	6.	0.5241
455	4.	5.	6.	0.28078
456	4.	6.	6.	8.2555e-002
457	4.	7.	6.	-8.7957e-002
458	4.	8.	6.	-0.24636
459	4.	9.	6.	-0.40994
460	4.	1.	7.	1.2982
461	4.	2.	7.	1.0297
462	4.	3.	7.	0.74518
463	4.	4.	7.	0.48394
464	4.	5.	7.	0.26358
465	4.	6.	7.	7.8335e-002
466	4.	7.	7.	-8.4613e-002
467	4.	8.	7.	-0.23822
468	4.	9.	7.	-0.39914
469	4.	1.	8.	1.1287
470	4.	2.	8.	0.90202
471	4.	3.	8.	0.66227
472	4.	4.	8.	0.43611
473	4.	5.	8.	0.23863
474	4.	6.	8.	6.7505e-002
475	4.	7.	8.	-8.6054e-002
476	4.	8.	8.	-0.2332
477	4.	9.	8.	-0.39169
478	4.	1.	9.	0.96815
479	4.	2.	9.	0.77025
480	4.	3.	9.	0.56478
481	4.	4.	9.	0.36911
482	4.	5.	9.	0.19561
483	4.	6.	9.	4.3075e-002
484	4.	7.	9.	-9.5178e-002
485	4.	8.	9.	-0.2296
486	4.	9.	9.	-0.38111
487	3.	1.	1.	1.8322
488	3.	2.	1.	1.4705
489	3.	3.	1.	1.0532
490	3.	4.	1.	0.67265
491	3.	5.	1.	0.3564
492	3.	6.	1.	0.1014
493	3.	7.	1.	-0.11371
494	3.	8.	1.	-0.31672
495	3.	9.	1.	-0.52649
496	3.	1.	2.	1.8258
497	3.	2.	2.	1.4759
498	3.	3.	2.	1.0685
499	3.	4.	2.	0.69329
500	3.	5.	2.	0.37627
501	3.	6.	2.	0.11542
502	3.	7.	2.	-0.10841
503	3.	8.	2.	-0.32059
504	3.	9.	2.	-0.53401
505	3.	1.	3.	1.7606
506	3.	2.	3.	1.4282
507	3.	3.	3.	1.0403
508	3.	4.	3.	0.6815
509	3.	5.	3.	0.37536
510	3.	6.	3.	0.12029
511	3.	7.	3.	-0.10082
512	3.	8.	3.	-0.31036
513	3.	9.	3.	-0.51804
514	3.	1.	4.	1.6617
515	3.	2.	4.	1.3528
516	3.	3.	4.	0.991
517	3.	4.	4.	0.65468
518	3.	5.	4.	0.36491
519	3.	6.	4.	0.12057
520	3.	7.	4.	-9.3223e-002
521	3.	8.	4.	-0.29596
522	3.	9.	4.	-0.49574
523	3.	1.	5.	1.5377
524	3.	2.	5.	1.2576
525	3.	3.	5.	0.92782
526	3.	4.	5.	0.61855
527	3.	5.	5.	0.34862
528	3.	6.	5.	0.11773
529	3.	7.	5.	-8.6511e-002
530	3.	8.	5.	-0.28065
531	3.	9.	5.	-0.47185
532	3.	1.	6.	1.4025
533	3.	2.	6.	1.1545
534	3.	3.	6.	0.85975
535	3.	4.	6.	0.57942
536	3.	5.	6.	0.33027
537	3.	6.	6.	0.11321
538	3.	7.	6.	-8.1338e-002
539	3.	8.	6.	-0.26686
540	3.	9.	6.	-0.45005
541	3.	1.	7.	1.2723
542	3.	2.	7.	1.0559
543	3.	3.	7.	0.79538
544	3.	4.	7.	0.5425
545	3.	5.	7.	0.31248
546	3.	6.	7.	0.10775
547	3.	7.	7.	-7.8375e-002
548	3.	8.	7.	-0.25636
549	3.	9.	7.	-0.43301
550	3.	1.	8.	1.1697
551	3.	2.	8.	0.97885
552	3.	3.	8.	0.74535
553	3.	4.	8.	0.51346
554	3.	5.	8.	0.29765
555	3.	6.	8.	0.1017
556	3.	7.	8.	-7.8625e-002
557	3.	8.	8.	-0.25122
558	3.	9.	8.	-0.42421
559	3.	1.	9.	1.0727
560	3.	2.	9.	0.89801
561	3.	3.	9.	0.68396
562	3.	4.	9.	0.46938
563	3.	5.	9.	0.26855
564	3.	6.	9.	8.5166e-002
565	3.	7.	9.	-8.4318e-002
566	3.	8.	9.	-0.24614
567	3.	9.	9.	-0.41214
568	2.	1.	1.	1.7731
569	2.	2.	1.	1.4208
570	2.	3.	1.	1.0549
571	2.	4.	1.	0.70853
572	2.	5.	1.	0.40313
573	2.	6.	1.	0.1398
574	2.	7.	1.	-9.5502e-002
575	2.	8.	1.	-0.32591
576	2.	9.	1.	-0.5827
577	2.	1.	2.	1.7508
578	2.	2.	2.	1.4064
579	2.	3.	2.	1.0516
580	2.	4.	2.	0.71276
581	2.	5.	2.	0.41046
582	2.	6.	2.	0.14619
583	2.	7.	2.	-9.2547e-002
584	2.	8.	2.	-0.32629
585	2.	9.	2.	-0.58304
586	2.	1.	3.	1.6917
587	2.	2.	3.	1.3626
588	2.	3.	3.	1.0232
589	2.	4.	3.	0.69793
590	2.	5.	3.	0.40545
591	2.	6.	3.	0.14727
592	2.	7.	3.	-8.7641e-002
593	2.	8.	3.	-0.31736
594	2.	9.	3.	-0.56569
595	2.	1.	4.	1.6021
596	2.	2.	4.	1.2938
597	2.	3.	4.	0.97557
598	2.	4.	4.	0.66909
599	2.	5.	4.	0.39144
600	2.	6.	4.	0.14419
601	2.	7.	4.	-8.2153e-002
602	2.	8.	4.	-0.30313
603	2.	9.	4.	-0.53921
604	2.	1.	5.	1.4921
605	2.	2.	5.	1.21
606	2.	3.	5.	0.91709
607	2.	4.	5.	0.6328
608	2.	5.	5.	0.37268
609	2.	6.	5.	0.13865
610	2.	7.	5.	-7.7043e-002
611	2.	8.	5.	-0.28732
612	2.	9.	5.	-0.50914
613	2.	1.	6.	1.3748
614	2.	2.	6.	1.1224
615	2.	3.	6.	0.85673
616	2.	4.	6.	0.59548
617	2.	5.	6.	0.35312
618	2.	6.	6.	0.13225
619	2.	7.	6.	-7.2856e-002
620	2.	8.	6.	-0.27235
621	2.	9.	6.	-0.4793
622	2.	1.	7.	1.2693
623	2.	2.	7.	1.0469
624	2.	3.	7.	0.80645
625	2.	4.	7.	0.56522
626	2.	5.	7.	0.33751
627	2.	6.	7.	0.12698
628	2.	7.	7.	-6.9938e-002
629	2.	8.	7.	-0.26046
630	2.	9.	7.	-0.45334
631	2.	1.	8.	1.2024
632	2.	2.	8.	1.0048
633	2.	3.	8.	0.78122
634	2.	4.	8.	0.55149
635	2.	5.	8.	0.33121
636	2.	6.	8.	0.12506
637	2.	7.	8.	-6.8741e-002
638	2.	8.	8.	-0.25448
639	2.	9.	8.	-0.43594
640	2.	1.	9.	1.227
641	2.	2.	9.	1.0379
642	2.	3.	9.	0.80956
643	2.	4.	9.	0.57352
644	2.	5.	9.	0.34588
645	2.	6.	9.	0.13193
646	2.	7.	9.	-6.9285e-002
647	2.	8.	9.	-0.26072
648	2.	9.	9.	-0.43946
649	1.	1.	1.	1.6428
650	1.	2.	1.	1.3101
651	1.	3.	1.	0.99386
652	1.	4.	1.	0.68771
653	1.	5.	1.	0.40887
654	1.	6.	1.	0.1579
655	1.	7.	1.	-7.5296e-002
656	1.	8.	1.	-0.30819
657	1.	9.	1.	-0.57686
658	1.	1.	2.	1.6155
659	1.	2.	2.	1.2943
660	1.	3.	2.	0.98733
661	1.	4.	2.	0.68786
662	1.	5.	2.	0.412
663	1.	6.	2.	0.16089
664	1.	7.	2.	-7.4189e-002
665	1.	8.	2.	-0.30856
666	1.	9.	2.	-0.57436
667	1.	1.	3.	1.5678
668	1.	2.	3.	1.2588
669	1.	3.	3.	0.96407
670	1.	4.	3.	0.67494
671	1.	5.	3.	0.40668
672	1.	6.	3.	0.16041
673	1.	7.	3.	-7.1364e-002
674	1.	8.	3.	-0.30184
675	1.	9.	3.	-0.55978
676	1.	1.	4.	1.4896
677	1.	2.	4.	1.1995
678	1.	3.	4.	0.92191
679	1.	4.	4.	0.64818
680	1.	5.	4.	0.39244
681	1.	6.	4.	0.15597
682	1.	7.	4.	-6.7508e-002
683	1.	8.	4.	-0.28908
684	1.	9.	4.	-0.53338
685	1.	1.	5.	1.3941
686	1.	2.	5.	1.1277
687	1.	3.	5.	0.87076
688	1.	4.	5.	0.61508
689	1.	5.	5.	0.37413
690	1.	6.	5.	0.14954
691	1.	7.	5.	-6.3563e-002
692	1.	8.	5.	-0.27399
693	1.	9.	5.	-0.50178
694	1.	1.	6.	1.2923
695	1.	2.	6.	1.0538
696	1.	3.	6.	0.81866
697	1.	4.	6.	0.58152
698	1.	5.	6.	0.35543
699	1.	6.	6.	0.1427
700	1.	7.	6.	-5.9908e-002
701	1.	8.	6.	-0.25879
702	1.	9.	6.	-0.46836
703	1.	1.	7.	1.2054
704	1.	2.	7.	0.99533
705	1.	3.	7.	0.77948
706	1.	4.	7.	0.55728
707	1.	5.	7.	0.34242
708	1.	6.	7.	0.13826
709	1.	7.	7.	-5.6652e-002
710	1.	8.	7.	-0.24606
711	1.	9.	7.	-0.43778
712	1.	1.	8.	1.1592
713	1.	2.	8.	0.97372
714	1.	3.	8.	0.76863
715	1.	4.	8.	0.55288
716	1.	5.	8.	0.34155
717	1.	6.	8.	0.13929
718	1.	7.	8.	-5.3688e-002
719	1.	8.	8.	-0.23847
720	1.	9.	8.	-0.41453
721	1.	1.	9.	1.2488
722	1.	2.	9.	1.0617
723	1.	3.	9.	0.84213
724	1.	4.	9.	0.60874
725	1.	5.	9.	0.37934
726	1.	6.	9.	0.15945
727	1.	7.	9.	-4.9735e-002
728	1.	8.	9.	-0.24758
729	1.	9.	9.	-0.42397
730	1.	0.	9.	1.3329
731	1.	0.	8.	1.2982
732	1.	0.	7.	1.3974
733	1.	0.	6.	1.5299
734	1.	0.	5.	1.6679
735	1.	0.	4.	1.7901
736	1.	0.	3.	1.8858
737	1.	0.	2.	1.9423
738	1.	0.	1.	1.975
739	2.	0.	9.	1.2672
740	2.	0.	8.	1.2486
741	2.	0.	7.	1.3302
742	2.	0.	6.	1.4517
743	2.	0.	5.	1.5836
744	2.	0.	4.	1.7062
745	2.	0.	3.	1.8072
746	2.	0.	2.	1.8796
747	2.	0.	1.	1.9228
748	3.	0.	9.	1.2152
749	3.	0.	8.	1.3087
750	3.	0.	7.	1.4206
751	3.	0.	6.	1.567
752	3.	0.	5.	1.7205
753	3.	0.	4.	1.8622
754	3.	0.	3.	1.9763
755	3.	0.	2.	2.0537
756	3.	0.	1.	2.0664
757	4.	0.	9.	1.1501
758	4.	0.	8.	1.3199
759	4.	0.	7.	1.5094
760	4.	0.	6.	1.7089
761	4.	0.	5.	1.907
762	4.	0.	4.	2.0844
763	4.	0.	3.	2.2238
764	4.	0.	2.	2.3074
765	4.	0.	1.	2.3382
766	5.	0.	9.	1.0672
767	5.	0.	8.	1.3294
768	5.	0.	7.	1.6153
769	5.	0.	6.	1.9026
770	5.	0.	5.	2.1732
771	5.	0.	4.	2.4156
772	5.	0.	3.	2.6066
773	5.	0.	2.	2.7248
774	5.	0.	1.	2.7738
775	6.	0.	9.	0.96467
776	6.	0.	8.	1.368
777	6.	0.	7.	1.8062
778	6.	0.	6.	2.2187
779	6.	0.	5.	2.6052
780	6.	0.	4.	2.9552
781	6.	0.	3.	3.2512
782	6.	0.	2.	3.4473
783	6.	0.	1.	3.511
784	7.	0.	9.	0.80215
785	7.	0.	8.	1.5341
786	7.	0.	7.	2.1941
787	7.	0.	6.	2.8173
788	7.	0.	5.	3.3954
789	7.	0.	4.	3.9253
790	7.	0.	3.	4.3965
791	7.	0.	2.	4.7867
792	7.	0.	1.	4.9128
793	8.	0.	9.	0.79661
794	8.	0.	8.	2.0437
795	8.	0.	7.	3.216
796	8.	0.	6.	4.2815
797	8.	0.	5.	5.26
798	8.	0.	4.	6.1602
799	8.	0.	3.	6.9738
800	8.	0.	2.	7.697
801	8.	0.	1.	8.3074
802	9.	0.	9.	0.72151
803	9.	0.	8.	3.2709
804	9.	0.	7.	5.5679
805	9.	0.	6.	7.5884
806	9.	0.	5.	9.4495
807	9.	0.	4.	11.151
808	9.	0.	3.	12.704
809	9.	0.	2.	14.065
810	9.	0.	1.	15.195
811	9.	10.	1.	-1.2941e-002
812	9.	10.	2.	-1.9285e-002
813	9.	10.	3.	-2.4717e-002
814	9.	10.	4.	-2.8524e-002
815	9.	10.	5.	-3.1826e-002
816	9.	10.	6.	-3.5484e-002
817	9.	10.	7.	-3.9492e-002
818	9.	10.	8.	-4.2427e-002
819	9.	10.	9.	-4.133e-002
820	8.	10.	1.	-9.7167e-002
821	8.	10.	2.	-9.8742e-002
822	8.	10.	3.	-0.10279
823	8.	10.	4.	-0.10637
824	8.	10.	5.	-0.11013
825	8.	10.	6.	-0.11523
826	8.	10.	7.	-0.12188
827	8.	10.	8.	-0.12806
828	8.	10.	9.	-0.1283
829	7.	10.	1.	-0.2514
830	7.	10.	2.	-0.2441
831	7.	10.	3.	-0.24188
832	7.	10.	4.	-0.24039
833	7.	10.	5.	-0.24002
834	7.	10.	6.	-0.24214
835	7.	10.	7.	-0.24716
836	7.	10.	8.	-0.25298
837	7.	10.	9.	-0.2538
838	6.	10.	1.	-0.42814
839	6.	10.	2.	-0.41543
840	6.	10.	3.	-0.40512
841	6.	10.	4.	-0.3955
842	6.	10.	5.	-0.38766
843	6.	10.	6.	-0.38332
844	6.	10.	7.	-0.38336
845	6.	10.	8.	-0.38602
846	6.	10.	9.	-0.38631
847	5.	10.	1.	-0.58518
848	5.	10.	2.	-0.5727
849	5.	10.	3.	-0.55616
850	5.	10.	4.	-0.53826
851	5.	10.	5.	-0.5219
852	5.	10.	6.	-0.51002
853	5.	10.	7.	-0.50403
854	5.	10.	8.	-0.5028
855	5.	10.	9.	-0.50105
856	4.	10.	1.	-0.70389
857	4.	10.	2.	-0.69528
858	4.	10.	3.	-0.67486
859	4.	10.	4.	-0.64917
860	4.	10.	5.	-0.62463
861	4.	10.	6.	-0.6047
862	4.	10.	7.	-0.59267
863	4.	10.	8.	-0.58781
864	4.	10.	9.	-0.58403
865	3.	10.	1.	-0.78163
866	3.	10.	2.	-0.77809
867	3.	10.	3.	-0.75132
868	3.	10.	4.	-0.71932
869	3.	10.	5.	-0.68666
870	3.	10.	6.	-0.65778
871	3.	10.	7.	-0.63674
872	3.	10.	8.	-0.62937
873	3.	10.	9.	-0.62657
874	2.	10.	1.	-0.83438
875	2.	10.	2.	-0.81636
876	2.	10.	3.	-0.78691
877	2.	10.	4.	-0.74881
878	2.	10.	5.	-0.70703
879	2.	10.	6.	-0.66585
880	2.	10.	7.	-0.63013
881	2.	10.	8.	-0.60629
882	2.	10.	9.	-0.61436
883	1.	10.	1.	-0.90222
884	1.	10.	2.	-0.89175
885	1.	10.	3.	-0.86248
886	1.	10.	4.	-0.81391
887	1.	10.	5.	-0.75472
888	1.	10.	6.	-0.68899
889	1.	10.	7.	-0.6219
890	1.	10.	8.	-0.55917
891	1.	10.	9.	-0.5301
892	10.	10.	9.	-1.0111e-002
893	10.	10.	8.	-1.3188e-002
894	10.	10.	7.	-1.2687e-002
895	10.	10.	6.	-1.1283e-002
896	10.	10.	5.	-9.9025e-003
897	10.	10.	4.	-8.4676e-003
898	10.	10.	3.	-6.2537e-003
899	10.	10.	2.	-1.6529e-003
900	10.	10.	1.	6.3098e-003
901	10.	10.	0.	-1.1625e-002
902	9.	10.	0.	-4.3407e-002
903	8.	10.	0.	-0.14058
904	7.	10.	0.	-0.28866
905	6.	10.	0.	-0.44652
906	5.	10.	0.	-0.58232
907	4.	10.	0.	-0.68088
908	3.	10.	0.	-0.73613
909	2.	10.	0.	-0.75503
910	1.	10.	0.	-0.87599
911	0.	10.	0.	-1.023
912	0.	10.	1.	-0.96364
913	0.	10.	2.	-0.97212
914	0.	10.	3.	-0.9355
915	0.	10.	4.	-0.87846
916	0.	10.	5.	-0.80568
917	0.	10.	6.	-0.72257
918	0.	10.	7.	-0.63207
919	0.	10.	8.	-0.54395
920	0.	10.	9.	-0.45799
921	0.	10.	10.	-0.67906
922	1.	10.	10.	-0.61071
923	2.	10.	10.	-0.57575
924	3.	10.	10.	-0.5871
925	4.	10.	10.	-0.5553
926	5.	10.	10.	-0.47978
927	6.	10.	10.	-0.36869
928	7.	10.	10.	-0.23705
929	8.	10.	10.	-0.11264
930	9.	10.	10.	-3.1522e-002
931	10.	10.	10.	-3.8024e-003
932	1.	9.	10.	-0.50338
933	2.	9.	10.	-0.40321
934	3.	9.	10.	-0.37666
935	4.	9.	10.	-0.35647
936	5.	9.	10.	-0.31439
937	6.	9.	10.	-0.25083
938	7.	9.	10.	-0.17371
939	8.	9.	10.	-9.6909e-002
940	9.	9.	10.	-3.7263e-002
941	1.	8.	10.	-0.28407
942	2.	8.	10.	-0.24512
943	3.	8.	10.	-0.23579
944	4.	8.	10.	-0.2262
945	5.	8.	10.	-0.20789
946	6.	8.	10.	-0.17441
947	7.	8.	10.	-0.12655
948	8.	8.	10.	-7.1746e-002
949	9.	8.	10.	-2.645e-002
950	1.	7.	10.	-3.9541e-002
951	2.	7.	10.	-7.4261e-002
952	3.	7.	10.	-9.9435e-002
953	4.	7.	10.	-0.11608
954	5.	7.	10.	-0.12318
955	6.	7.	10.	-0.11574
956	7.	7.	10.	-9.0306e-002
957	8.	7.	10.	-5.2444e-002
958	9.	7.	10.	-1.882e-002
959	1.	6.	10.	0.22066
960	2.	6.	10.	0.10397
961	3.	6.	10.	4.355e-002
962	4.	6.	10.	-4.3034e-003
963	5.	6.	10.	-4.2714e-002
964	6.	6.	10.	-6.4853e-002
965	7.	6.	10.	-6.3575e-002
966	8.	6.	10.	-4.0882e-002
967	9.	6.	10.	-1.4471e-002
968	1.	5.	10.	0.49543
969	2.	5.	10.	0.29567
970	3.	5.	10.	0.20068
971	4.	5.	10.	0.12071
972	5.	5.	10.	4.6989e-002
973	6.	5.	10.	-1.1871e-002
974	7.	5.	10.	-4.0876e-002
975	8.	5.	10.	-3.5472e-002
976	9.	5.	10.	-1.3938e-002
977	1.	4.	10.	0.7831
978	2.	4.	10.	0.50387
979	3.	4.	10.	0.37787
980	4.	4.	10.	0.26755
981	5.	4.	10.	0.15726
982	6.	4.	10.	5.7293e-002
983	7.	4.	10.	-1.4714e-002
984	8.	4.	10.	-3.4716e-002
985	9.	4.	10.	-1.5839e-002
986	1.	3.	10.	1.0773
987	2.	3.	10.	0.72563
988	3.	3.	10.	0.57439
989	4.	3.	10.	0.44106
990	5.	3.	10.	0.29757
991	6.	3.	10.	0.15349
992	7.	3.	10.	3.7939e-002
993	8.	3.	10.	-3.5229e-002
994	9.	3.	10.	-3.3684e-002
995	1.	2.	10.	1.357
996	2.	2.	10.	0.94939
997	3.	2.	10.	0.77837
998	4.	2.	10.	0.63251
999	5.	2.	10.	0.47896
1000	6.	2.	10.	0.28511
1001	7.	2.	10.	9.8674e-002
1002	8.	2.	10.	1.6101e-002
1003	9.	2.	10.	-0.10134
1004	1.	1.	10.	1.6019
1005	2.	1.	10.	1.1422
1006	3.	1.	10.	0.94685
1007	4.	1.	10.	0.82848
1008	5.	1.	10.	0.69098
1009	6.	1.	10.	0.49222
1010	7.	1.	10.	0.13582
1011	8.	1.	10.	-0.2125
1012	9.	1.	10.	0.37018
1013	1.	0.	10.	1.6802
1014	2.	0.	10.	1.1939
1015	3.	0.	10.	1.0948
1016	4.	0.	10.	1.0118
1017	5.	0.	10.	0.88874
1018	6.	0.	10.	0.69743
1019	7.	0.	10.	0.3373
1020	8.	0.	10.	-0.74826
1021	9.	0.	10.	-4.5475
1022	10.	9.	10.	-1.2539e-002
1023	10.	8.	10.	-8.3077e-003
1024	10.	7.	10.	-4.6291e-003
1025	10.	6.	10.	-2.2698e-003
1026	10.	5.	10.	-3.8101e-004
1027	10.	4.	10.	-6.1949e-004
1028	10.	3.	10.	1.1981e-002
1029	10.	2.	10.	5.8564e-002
1030	10.	1.	10.	0.22048
1031	10.	0.	10.	-3.8096
1032	0.	9.	10.	-0.60343
1033	0.	8.	10.	-0.32816
1034	0.	7.	10.	-2.3918e-002
1035	0.	6.	10.	0.29998
1036	0.	5.	10.	0.63986
1037	0.	4.	10.	0.9921
1038	0.	3.	10.	1.3461
1039	0.	2.	10.	1.6861
1040	0.	1.	10.	1.9654
1041	0.	0.	10.	2.1489
1042	0.	9.	1.	-0.53519
1043	0.	9.	2.	-0.54494
1044	0.	9.	3.	-0.5304
1045	0.	9.	4.	-0.50655
1046	0.	9.	5.	-0.47612
1047	0.	9.	6.	-0.44344
1048	0.	9.	7.	-0.41195
1049	0.	9.	8.	-0.39133
1050	0.	9.	9.	-0.3907
1051	0.	8.	1.	-0.28979
1052	0.	8.	2.	-0.2974
1053	0.	8.	3.	-0.29089
1054	0.	8.	4.	-0.27903
1055	0.	8.	5.	-0.26395
1056	0.	8.	6.	-0.24828
1057	0.	8.	7.	-0.23415
1058	0.	8.	8.	-0.22684
1059	0.	8.	9.	-0.22867
1060	0.	7.	1.	-6.2633e-002
1061	0.	7.	2.	-6.3759e-002
1062	0.	7.	3.	-6.1705e-002
1063	0.	7.	4.	-5.8538e-002
1064	0.	7.	5.	-5.4933e-002
1065	0.	7.	6.	-5.1348e-002
1066	0.	7.	7.	-4.7885e-002
1067	0.	7.	8.	-4.4179e-002
1068	0.	7.	9.	-3.8654e-002
1069	0.	6.	1.	0.15899
1070	0.	6.	2.	0.16503
1071	0.	6.	3.	0.16368
1072	0.	6.	4.	0.15938
1073	0.	6.	5.	0.15299
1074	0.	6.	6.	0.14654
1075	0.	6.	7.	0.14227
1076	0.	6.	8.	0.14631
1077	0.	6.	9.	0.16232
1078	0.	5.	1.	0.39488
1079	0.	5.	2.	0.40672
1080	0.	5.	3.	0.40073
1081	0.	5.	4.	0.38782
1082	0.	5.	5.	0.37029
1083	0.	5.	6.	0.35285
1084	0.	5.	7.	0.34035
1085	0.	5.	8.	0.34491
1086	0.	5.	9.	0.37245
1087	0.	4.	1.	0.65273
1088	0.	4.	2.	0.66799
1089	0.	4.	3.	0.65495
1090	0.	4.	4.	0.63108
1091	0.	4.	5.	0.6
1092	0.	4.	6.	0.56918
1093	0.	4.	7.	0.5464
1094	0.	4.	8.	0.55044
1095	0.	4.	9.	0.58999
1096	0.	3.	1.	0.92979
1097	0.	3.	2.	0.94553
1098	0.	3.	3.	0.92264
1099	0.	3.	4.	0.88527
1100	0.	3.	5.	0.83792
1101	0.	3.	6.	0.79071
1102	0.	3.	7.	0.75469
1103	0.	3.	8.	0.7563
1104	0.	3.	9.	0.80793
1105	0.	2.	1.	1.224
1106	0.	2.	2.	1.2365
1107	0.	2.	3.	1.2016
1108	0.	2.	4.	1.1486
1109	0.	2.	5.	1.0822
1110	0.	2.	6.	1.0145
1111	0.	2.	7.	0.96009
1112	0.	2.	8.	0.95372
1113	0.	2.	9.	1.0161
1114	0.	1.	1.	1.4987
1115	0.	1.	2.	1.5038
1116	0.	1.	3.	1.4562
1117	0.	1.	4.	1.3879
1118	0.	1.	5.	1.3015
1119	0.	1.	6.	1.2103
1120	0.	1.	7.	1.1305
1121	0.	1.	8.	1.104
1122	0.	1.	9.	1.1641
1123	0.	0.	1.	2.0806
1124	0.	0.	2.	2.0985
1125	0.	0.	3.	2.0413
1126	0.	0.	4.	1.9454
1127	0.	0.	5.	1.8144
1128	0.	0.	6.	1.6629
1129	0.	0.	7.	1.5076
1130	0.	0.	8.	1.3917
1131	0.	0.	9.	1.3443
1132	0.	9.	0.	-0.58627
1133	0.	8.	0.	-0.31558
1134	0.	7.	0.	-6.7406e-002
1135	0.	6.	0.	0.1775
1136	0.	5.	0.	0.43985
1137	0.	4.	0.	0.72774
1138	0.	3.	0.	1.0375
1139	0.	2.	0.	1.3645
1140	0.	1.	0.	1.6771
1141	0.	0.	0.	2.2617
1142	9.	9.	0.	-9.043e-002
1143	8.	9.	0.	-0.18003
1144	7.	9.	0.	-0.26892
1145	6.	9.	0.	-0.34617
1146	5.	9.	0.	-0.40937
1147	4.	9.	0.	-0.45592
1148	3.	9.	0.	-0.48429
1149	2.	9.	0.	-0.50602
1150	1.	9.	0.	-0.55343
1151	9.	8.	0.	-6.9698e-002
1152	8.	8.	0.	-0.1449
1153	7.	8.	0.	-0.2149
1154	6.	8.	0.	-0.26027
1155	5.	8.	0.	-0.28414
1156	4.	8.	0.	-0.29388
1157	3.	8.	0.	-0.29603
1158	2.	8.	0.	-0.28449
1159	1.	8.	0.	-0.2939
1160	9.	7.	0.	-5.5625e-002
1161	8.	7.	0.	-0.11462
1162	7.	7.	0.	-0.16349
1163	6.	7.	0.	-0.17965
1164	5.	7.	0.	-0.16776
1165	4.	7.	0.	-0.14261
1166	3.	7.	0.	-0.11544
1167	2.	7.	0.	-9.01e-002
1168	1.	7.	0.	-7.2798e-002
1169	9.	6.	0.	-5.2348e-002
1170	8.	6.	0.	-9.9997e-002
1171	7.	6.	0.	-0.12133
1172	6.	6.	0.	-9.6118e-002
1173	5.	6.	0.	-3.6418e-002
1174	4.	6.	0.	2.8383e-002
1175	3.	6.	0.	7.8311e-002
1176	2.	6.	0.	0.10828
1177	1.	6.	0.	0.14904
1178	9.	5.	0.	-6.2868e-002
1179	8.	5.	0.	-9.7115e-002
1180	7.	5.	0.	-7.9318e-002
1181	6.	5.	0.	1.6999e-002
1182	5.	5.	0.	0.14256
1183	4.	5.	0.	0.25205
1184	3.	5.	0.	0.31519
1185	2.	5.	0.	0.33689
1186	1.	5.	0.	0.39073
1187	9.	4.	0.	-8.0636e-002
1188	8.	4.	0.	-0.10417
1189	7.	4.	0.	7.4426e-003
1190	6.	4.	0.	0.21195
1191	5.	4.	0.	0.43143
1192	4.	4.	0.	0.568
1193	3.	4.	0.	0.61956
1194	2.	4.	0.	0.61171
1195	1.	4.	0.	0.66301
1196	9.	3.	0.	-0.13454
1197	8.	3.	0.	-4.5926e-002
1198	7.	3.	0.	0.21319
1199	6.	3.	0.	0.65118
1200	5.	3.	0.	0.90826
1201	4.	3.	0.	1.0037
1202	3.	3.	0.	0.99758
1203	2.	3.	0.	0.93372
1204	1.	3.	0.	0.96589
1205	9.	2.	0.	-5.0371e-002
1206	8.	2.	0.	8.6869e-002
1207	7.	2.	0.	1.09
1208	6.	2.	0.	1.5335
1209	5.	2.	0.	1.5971
1210	4.	2.	0.	1.5311
1211	3.	2.	0.	1.4218
1212	2.	2.	0.	1.2852
1213	1.	2.	0.	1.2838
1214	9.	1.	0.	-0.29768
1215	8.	1.	0.	2.7885
1216	7.	1.	0.	3.1761
1217	6.	1.	0.	2.7576
1218	5.	1.	0.	2.3628
1219	4.	1.	0.	2.0464
1220	3.	1.	0.	1.7977
1221	2.	1.	0.	1.6287
1222	1.	1.	0.	1.6256
1223	9.	0.	0.	16.264
1224	8.	0.	0.	8.32
1225	7.	0.	0.	4.988
1226	6.	0.	0.	3.6231
1227	5.	0.	0.	2.8582
1228	4.	0.	0.	2.3772
1229	3.	0.	0.	2.0384
1230	2.	0.	0.	1.7927
1231	1.	0.	0.	1.961
1232	10.	9.	0.	-4.7395e-002
1233	10.	8.	0.	-3.466e-002
1234	10.	7.	0.	-2.823e-002
1235	10.	6.	0.	-2.4958e-002
1236	10.	5.	0.	-5.1254e-002
1237	10.	4.	0.	-2.084e-002
1238	10.	3.	0.	-0.32697
1239	10.	2.	0.	0.3819
1240	10.	1.	0.	-3.3354
1241	10.	0.	0.	21.373
1242	10.	1.	1.	-2.3698
1243	10.	1.	2.	-2.2549
1244	10.	1.	3.	-2.0796
1245	10.	1.	4.	-1.8309
1246	10.	1.	5.	-1.5529
1247	10.	1.	6.	-1.2474
1248	10.	1.	7.	-0.91069
1249	10.	1.	8.	-0.58811
1250	10.	1.	9.	-0.36763
1251	10.	2.	1.	0.52383
1252	10.	2.	2.	0.53176
1253	10.	2.	3.	0.45573
1254	10.	2.	4.	0.39068
1255	10.	2.	5.	0.33119
1256	10.	2.	6.	0.27018
1257	10.	2.	7.	0.2046
1258	10.	2.	8.	0.10619
1259	10.	2.	9.	0.13021
1260	10.	3.	1.	-0.2856
1261	10.	3.	2.	-0.21382
1262	10.	3.	3.	-0.17124
1263	10.	3.	4.	-0.15188
1264	10.	3.	5.	-0.12795
1265	10.	3.	6.	-9.8988e-002
1266	10.	3.	7.	-6.9098e-002
1267	10.	3.	8.	-9.0746e-003
1268	10.	3.	9.	3.0244e-002
1269	10.	4.	1.	-1.3568e-002
1270	10.	4.	2.	-1.125e-002
1271	10.	4.	3.	2.5274e-003
1272	10.	4.	4.	8.3308e-003
1273	10.	4.	5.	9.3036e-003
1274	10.	4.	6.	1.0254e-002
1275	10.	4.	7.	1.5672e-002
1276	10.	4.	8.	1.5524e-002
1277	10.	4.	9.	1.6249e-003
1278	10.	5.	1.	-4.4076e-002
1279	10.	5.	2.	-4.0274e-002
1280	10.	5.	3.	-3.2053e-002
1281	10.	5.	4.	-2.3821e-002
1282	10.	5.	5.	-1.721e-002
1283	10.	5.	6.	-1.0871e-002
1284	10.	5.	7.	-5.2912e-003
1285	10.	5.	8.	-1.9433e-003
1286	10.	5.	9.	-3.1445e-003
1287	10.	6.	1.	-1.9737e-002
1288	10.	6.	2.	-1.9666e-002
1289	10.	6.	3.	-1.626e-002
1290	10.	6.	4.	-1.24e-002
1291	10.	6.	5.	-8.7836e-003
1292	10.	6.	6.	-5.9881e-003
1293	10.	6.	7.	-4.2584e-003
1294	10.	6.	8.	-4.4106e-003
1295	10.	6.	9.	-5.3988e-003
1296	10.	7.	1.	-2.1899e-002
1297	10.	7.	2.	-2.1791e-002
1298	10.	7.	3.	-1.9636e-002
1299	10.	7.	4.	-1.6933e-002
1300	10.	7.	5.	-1.4251e-002
1301	10.	7.	6.	-1.2091e-002
1302	10.	7.	7.	-1.0839e-002
1303	10.	7.	8.	-1.0345e-002
1304	10.	7.	9.	-8.1416e-003
1305	10.	8.	1.	-2.5153e-002
1306	10.	8.	2.	-2.447e-002
1307	10.	8.	3.	-2.2974e-002
1308	10.	8.	4.	-2.1252e-002
1309	10.	8.	5.	-1.9341e-002
1310	10.	8.	6.	-1.7759e-002
1311	10.	8.	7.	-1.6923e-002
1312	10.	8.	8.	-1.6781e-002
1313	10.	8.	9.	-1.3127e-002
1314	10.	9.	1.	-2.9635e-002
1315	10.	9.	2.	-2.9079e-002
1316	10.	9.	3.	-2.9059e-002
1317	10.	9.	4.	-2.8056e-002
1318	10.	9.	5.	-2.6311e-002
1319	10.	9.	6.	-2.4334e-002
1320	10.	9.	7.	-2.2614e-002
1321	10.	9.	8.	-2.151e-002
1322	10.	9.	9.	-1.805e-002
1323	10.	0.	9.	1.8517
1324	10.	0.	8.	4.5007
1325	10.	0.	7.	7.2728
1326	10.	0.	6.	9.8185
1327	10.	0.	5.	12.181
1328	10.	0.	4.	14.345
1329	10.	0.	3.	16.32
1330	10.	0.	2.	18.088
1331	10.	0.	1.	19.934
